1 707
2 590
3 438
4 843
5 582
6 814
7 674
8 835
9 890
10 763
11 997
12 975
13 459
14 379
15 855
16 299
17 211
18 933
19 83
20 93
21 716
22 117
23 260
24 94
25 303
26 598
27 654
28 447
29 675
30 703
31 849
32 877
33 363
34 823
35 708
36 23
37 20
38 923
39 339
40 97
41 528
42 859
43 25
44 528
45 644
46 177
47 729
48 216
49 362
50 660
51 617
52 272
53 348
54 989
55 74
56 760
57 81
58 587
59 785
60 445
61 676
62 367
63 479
64 588
65 238
66 54
67 348
68 23
69 797
70 456
71 460
72 286
73 14
74 239
75 788
76 910
77 49
78 538
79 32
80 995
81 18
82 941
83 117
84 439
85 5
86 434
87 769
88 457
89 405
90 789
91 418
92 380
93 928
94 849
95 640
96 603
97 607
98 503
99 142
100 837
101 705
102 565
103 676
104 189
105 20
106 482
107 950
108 917
109 587
110 38
111 796
112 364
113 686
114 637
115 733
116 36
117 968
118 386
119 701
120 823
121 684
122 738
123 681
124 121
125 415
126 789
127 489
128 244
129 84
130 568
131 737
132 419
133 530
134 291
135 872
136 182
137 841
138 438
139 236
140 573
141 951
142 710
143 98
144 117
145 459
146 151
147 810
148 454
149 804
150 949
151 755
152 495
153 858
154 651
155 278
156 490
157 880
158 249
159 862
160 795
161 996
162 745
163 147
164 937
165 348
166 275
167 504
168 709
169 126
170 512
171 126
172 933
173 164
174 559
175 603
176 45
177 787
178 622
179 654
180 419
181 36
182 658
183 725
184 716
185 128
186 158
187 629
188 980
189 752
190 885
191 88
192 192
193 572
194 680
195 839
196 562
197 104
198 203
199 232
200 620
201 928
202 878
203 410
204 569
205 618
206 291
207 222
208 424
209 427
210 434
211 971
212 751
213 976
214 498
215 407
216 474
217 256
218 988
219 772
220 216
221 533
222 128
223 763
224 83
225 955
226 397
227 777
228 393
229 159
230 3
231 71
232 754
233 504
234 294
235 459
236 356
237 80
238 705
239 390
240 922
241 444
242 826
243 480
244 994
245 735
246 248
247 249
248 453
249 50
250 764
251 840
252 416
253 30
254 588
255 545
256 141
257 812
258 756
259 797
260 521
261 773
262 702
263 492
264 261
265 303
266 681
267 912
268 712
269 882
270 305
271 421
272 656
273 890
274 929
275 356
276 268
277 879
278 856
279 364
280 877
281 33
282 677
283 592
284 812
285 125
286 243
287 646
288 89
289 426
290 762
291 958
292 509
293 135
294 661
295 410
296 324
297 437
298 892
299 430
300 236
301 962
302 115
303 587
304 225
305 241
306 684
307 210
308 80
309 537
310 931
311 460
312 145
313 513
314 56
315 475
316 425
317 536
318 764
319 345
320 506
321 289
322 646
323 561
324 378
325 28
326 832
327 121
328 615
329 457
330 876
331 304
332 877
333 543
334 522
335 712
336 798
337 332
338 320
339 657
340 758
341 360
342 521
343 291
344 471
345 348
346 256
347 951
348 228
349 206
350 122
351 588
352 663
353 451
354 791
355 365
356 838
357 330
358 992
359 245
360 162
361 750
362 106
363 304
364 984
365 822
366 743
367 879
368 381
369 660
370 467
371 93
372 554
373 738
374 620
375 134
376 20
377 120
378 484
379 521
380 434
381 595
382 342
383 580
384 538
385 391
386 473
387 98
388 967
389 512
390 50
391 560
392 953
393 857
394 592
395 240
396 642
397 243
398 181
399 837
400 58
401 682
402 156
403 557
404 614
405 566
406 245
407 934
408 235
409 609
410 683
411 618
412 5
413 334
414 141
415 373
416 159
417 747
418 887
419 300
420 218
421 138
422 985
423 150
424 134
425 601
426 960
427 16
428 60
429 197
430 740
431 3
432 706
433 590
434 664
435 335
436 427
437 729
438 403
439 174
440 887
441 381
442 593
443 711
444 906
445 695
446 300
447 53
448 28
449 974
450 231
451 588
452 805
453 216
454 770
455 390
456 973
457 749
458 481
459 959
460 448
461 80
462 104
463 552
464 440
465 462
466 398
467 207
468 116
469 106
470 653
471 293
472 966
473 625
474 433
475 622
476 478
477 92
478 886
479 705
480 487
481 347
482 985
483 151
484 584
485 215
486 690
487 157
488 545
489 731
490 759
491 445
492 192
493 876
494 822
495 421
496 683
497 894
498 481
499 584
500 923
501 816
502 211
503 110
504 181
505 952
506 253
507 555
508 979
509 324
510 356
511 223
512 259
513 436
514 750
515 699
516 668
517 14
518 589
519 533
520 143
521 412
522 651
523 910
524 956
525 335
526 467
527 352
528 413
529 512
530 349
531 774
532 631
533 845
534 73
535 211
536 247
537 799
538 411
539 93
540 258
541 767
542 735
543 885
544 129
545 591
546 191
547 307
548 649
549 270
550 504
551 229
552 563
553 996
554 179
555 640
556 287
557 244
558 458
559 131
560 559
561 431
562 999
563 219
564 974
565 873
566 142
567 36
568 731
569 77
570 966
571 840
572 165
573 826
574 697
575 732
576 920
577 905
578 907
579 384
580 684
581 583
582 848
583 660
584 167
585 627
586 330
587 768
588 356
589 459
590 363
591 837
592 877
593 903
594 144
595 798
596 821
597 456
598 62
599 682
600 808
601 607
602 585
603 392
604 242
605 854
606 576
607 3
608 268
609 740
610 505
611 548
612 502
613 831
614 349
615 436
616 134
617 717
618 120
619 23
620 733
621 979
622 152
623 801
624 721
625 456
626 488
627 997
628 554
629 854
630 240
631 471
632 404
633 877
634 202
635 649
636 511
637 292
638 334
639 972
640 139
641 833
642 469
643 730
644 83
645 882
646 450
647 417
648 954
649 249
650 694
651 38
652 105
653 268
654 141
655 915
656 324
657 132
658 57
659 521
660 644
661 606
662 144
663 837
664 483
665 525
666 259
667 87
668 670
669 438
670 676
671 541
672 626
673 899
674 114
675 283
676 95
677 244
678 257
679 851
680 259
681 825
682 889
683 959
684 140
685 919
686 160
687 788
688 587
689 536
690 631
691 551
692 981
693 287
694 317
695 652
696 943
697 830
698 934
699 917
700 983
701 600
702 879
703 747
704 794
705 527
706 386
707 166
708 47
709 321
710 961
711 93
712 100
713 865
714 78
715 54
716 770
717 683
718 660
719 334
720 757
721 8
722 996
723 822
724 660
725 8
726 127
727 617
728 207
729 991
730 689
731 808
732 424
733 151
734 162
735 490
736 424
737 101
738 499
739 968
740 470
741 787
742 229
743 981
744 185
745 11
746 571
747 209
748 15
749 493
750 632
751 966
752 272
753 803
754 195
755 366
756 626
757 190
758 379
759 292
760 123
761 757
762 39
763 368
764 756
765 697
766 127
767 218
768 615
769 812
770 454
771 633
772 444
773 969
774 27
775 568
776 298
777 903
778 266
779 563
780 51
781 569
782 343
783 110
784 602
785 183
786 959
787 977
788 203
789 177
790 457
791 367
792 260
793 763
794 578
795 977
796 846
797 913
798 187
799 89
800 188
801 476
802 181
803 894
804 579
805 867
806 164
807 903
808 355
809 517
810 533
811 753
812 120
813 211
814 213
815 654
816 444
817 315
818 604
819 310
820 374
821 219
822 241
823 317
824 381
825 984
826 373
827 762
828 2
829 224
830 177
831 460
832 263
833 781
834 828
835 212
836 121
837 83
838 850
839 855
840 934
841 36
842 417
843 686
844 265
845 570
846 303
847 12
848 836
849 224
850 578
851 742
852 341
853 271
854 913
855 133
856 863
857 153
858 188
859 522
860 299
861 653
862 697
863 756
864 540
865 810
866 640
867 776
868 113
869 281
870 7
871 515
872 873
873 158
874 980
875 360
876 434
877 511
878 81
879 237
880 53
881 384
882 404
883 733
884 636
885 825
886 39
887 956
888 337
889 199
890 329
891 822
892 98
893 418
894 580
895 796
896 597
897 801
898 673
899 605
900 373
901 940
902 896
903 201
904 485
905 343
906 303
907 100
908 755
909 504
910 367
911 2
912 286
913 799
914 959
915 792
916 610
917 895
918 789
919 426
920 266
921 166
922 790
923 434
924 916
925 290
926 876
927 509
928 638
929 301
930 866
931 182
932 586
933 364
934 627
935 282
936 279
937 641
938 374
939 944
940 726
941 760
942 979
943 684
944 887
945 441
946 614
947 331
948 97
949 663
950 562
951 963
952 323
953 576
954 626
955 700
956 135
957 678
958 831
959 806
960 364
961 12
962 251
963 81
964 97
965 912
966 45
967 833
968 545
969 289
970 968
971 593
972 627
973 799
974 388
975 310
976 476
977 527
978 922
979 389
980 497
981 931
982 427
983 544
984 514
985 70
986 179
987 613
988 55
989 714
990 550
991 743
992 251
993 132
994 168
995 450
996 311
997 264
998 286
999 144
1000 569
1001 5
1002 34
1003 854
1004 57
1005 451
1006 507
1007 31
1008 940
1009 580
1010 62
1011 411
1012 866
1013 325
1014 775
1015 991
1016 403
1017 112
1018 327
1019 255
1020 176
1021 508
1022 561
1023 744
1024 428
1025 978
1026 88
1027 458
1028 418
1029 667
1030 521
1031 404
1032 691
1033 755
1034 481
1035 476
1036 945
1037 136
1038 375
1039 499
1040 247
1041 103
1042 667
1043 444
1044 588
1045 675
1046 634
1047 199
1048 89
1049 413
1050 220
1051 626
1052 928
1053 903
1054 282
1055 186
1056 276
1057 624
1058 217
1059 884
1060 168
1061 733
1062 401
1063 953
1064 82
1065 100
1066 530
1067 290
1068 160
1069 979
1070 874
1071 112
1072 807
1073 800
1074 532
1075 548
1076 898
1077 598
1078 126
1079 497
1080 134
1081 525
1082 322
1083 859
1084 994
1085 700
1086 211
1087 940
1088 640
1089 749
1090 816
1091 483
1092 404
1093 436
1094 557
1095 714
1096 246
1097 596
1098 659
1099 247
1100 933
1101 193
1102 686
1103 686
1104 628
1105 695
1106 575
1107 289
1108 253
1109 505
1110 836
1111 862
1112 446
1113 1
1114 460
1115 967
1116 551
1117 306
1118 721
1119 593
1120 70
1121 29
1122 396
1123 689
1124 210
1125 331
1126 936
1127 226
1128 462
1129 377
1130 767
1131 357
1132 586
1133 956
1134 169
1135 537
1136 147
1137 358
1138 93
1139 285
1140 312
1141 246
1142 16
1143 213
1144 270
1145 900
1146 457
1147 946
1148 718
1149 53
1150 620
1151 956
1152 729
1153 843
1154 574
1155 106
1156 246
1157 913
1158 279
1159 536
1160 175
1161 666
1162 221
1163 449
1164 690
1165 952
1166 37
1167 142
1168 649
1169 760
1170 373
1171 130
1172 387
1173 628
1174 904
1175 57
1176 713
1177 964
1178 102
1179 744
1180 430
1181 121
1182 783
1183 211
1184 730
1185 288
1186 776
1187 908
1188 417
1189 299
1190 500
1191 408
1192 118
1193 46
1194 521
1195 287
1196 774
1197 161
1198 233
1199 703
1200 647
1201 800
1202 96
1203 909
1204 397
1205 71
1206 855
1207 570
1208 557
1209 462
1210 265
1211 58
1212 99
1213 623
1214 197
1215 46
1216 579
1217 927
1218 338
1219 422
1220 597
1221 770
1222 119
1223 716
1224 1000
1225 379
1226 535
1227 197
1228 16
1229 287
1230 536
1231 394
1232 563
1233 305
1234 482
1235 559
1236 144
1237 125
1238 983
1239 865
1240 693
1241 734
1242 484
1243 816
1244 999
1245 855
1246 467
1247 55
1248 172
1249 417
1250 129
1251 1000
1252 466
1253 706
1254 129
1255 462
1256 683
1257 257
1258 758
1259 491
1260 745
1261 182
1262 23
1263 177
1264 979
1265 826
1266 68
1267 131
1268 248
1269 312
1270 321
1271 967
1272 27
1273 504
1274 764
1275 684
1276 792
1277 238
1278 377
1279 109
1280 253
1281 192
1282 871
1283 875
1284 207
1285 276
1286 443
1287 598
1288 883
1289 28
1290 609
1291 876
1292 941
1293 7
1294 647
1295 202
1296 669
1297 893
1298 541
1299 647
1300 707
1301 564
1302 649
1303 748
1304 136
1305 367
1306 924
1307 31
1308 371
1309 767
1310 313
1311 641
1312 783
1313 127
1314 463
1315 532
1316 993
1317 48
1318 123
1319 797
1320 966
1321 955
1322 932
1323 74
1324 406
1325 648
1326 162
1327 320
1328 258
1329 823
1330 43
1331 166
1332 983
1333 972
1334 518
1335 594
1336 171
1337 211
1338 213
1339 950
1340 966
1341 169
1342 151
1343 891
1344 333
1345 983
1346 816
1347 313
1348 502
1349 638
1350 86
1351 322
1352 525
1353 619
1354 477
1355 375
1356 413
1357 417
1358 166
1359 617
1360 558
1361 134
1362 337
1363 699
1364 172
1365 441
1366 669
1367 40
1368 389
1369 539
1370 510
1371 118
1372 664
1373 679
1374 913
1375 849
1376 871
1377 290
1378 618
1379 835
1380 792
1381 952
1382 398
1383 24
1384 542
1385 629
1386 763
1387 341
1388 965
1389 833
1390 527
1391 443
1392 748
1393 221
1394 802
1395 626
1396 880
1397 527
1398 678
1399 838
1400 407
1401 613
1402 870
1403 826
1404 687
1405 79
1406 694
1407 652
1408 689
1409 138
1410 942
1411 642
1412 844
1413 298
1414 889
1415 565
1416 441
1417 727
1418 427
1419 868
1420 979
1421 699
1422 177
1423 714
1424 15
1425 401
1426 738
1427 948
1428 436
1429 229
1430 980
1431 721
1432 991
1433 649
1434 730
1435 450
1436 626
1437 265
1438 702
1439 405
1440 738
1441 891
1442 806
1443 963
1444 656
1445 640
1446 945
1447 753
1448 364
1449 243
1450 401
1451 821
1452 811
1453 499
1454 789
1455 97
1456 119
1457 718
1458 310
1459 872
1460 682
1461 312
1462 223
1463 609
1464 942
1465 744
1466 166
1467 462
1468 990
1469 543
1470 674
1471 535
1472 617
1473 825
1474 854
1475 559
1476 798
1477 629
1478 453
1479 299
1480 700
1481 157
1482 920
1483 269
1484 887
1485 689
1486 223
1487 666
1488 959
1489 650
1490 272
1491 583
1492 798
1493 767
1494 925
1495 674
1496 917
1497 732
1498 819
1499 526
1500 913
1501 273
1502 34
1503 99
1504 1000
1505 353
1506 796
1507 993
1508 466
1509 905
1510 795
1511 737
1512 5
1513 376
1514 817
1515 421
1516 34
1517 197
1518 252
1519 444
1520 586
1521 608
1522 848
1523 734
1524 915
1525 519
1526 262
1527 628
1528 704
1529 49
1530 727
1531 306
1532 978
1533 962
1534 734
1535 301
1536 3
1537 134
1538 897
1539 170
1540 607
1541 911
1542 729
1543 881
1544 556
1545 599
1546 505
1547 818
1548 231
1549 273
1550 788
1551 426
1552 834
1553 296
1554 358
1555 770
1556 604
1557 58
1558 420
1559 606
1560 940
1561 346
1562 608
1563 578
1564 716
1565 109
1566 469
1567 6
1568 985
1569 728
1570 354
1571 764
1572 872
1573 712
1574 404
1575 74
1576 755
1577 496
1578 762
1579 949
1580 399
1581 971
1582 784
1583 458
1584 886
1585 325
1586 20
1587 848
1588 798
1589 242
1590 660
1591 997
1592 159
1593 246
1594 290
1595 709
1596 286
1597 597
1598 804
1599 242
1600 457
1601 773
1602 969
1603 156
1604 798
1605 994
1606 647
1607 54
1608 589
1609 70
1610 695
1611 742
1612 664
1613 432
1614 886
1615 835
1616 186
1617 445
1618 512
1619 985
1620 332
1621 305
1622 775
1623 968
1624 416
1625 62
1626 867
1627 22
1628 398
1629 180
1630 897
1631 869
1632 535
1633 162
1634 423
1635 884
1636 719
1637 286
1638 466
1639 971
1640 962
1641 691
1642 55
1643 235
1644 497
1645 956
1646 82
1647 171
1648 622
1649 479
1650 606
1651 395
1652 537
1653 267
1654 778
1655 156
1656 163
1657 683
1658 817
1659 34
1660 889
1661 121
1662 949
1663 688
1664 886
1665 896
1666 644
1667 596
1668 424
1669 902
1670 55
1671 542
1672 90
1673 50
1674 864
1675 647
1676 939
1677 571
1678 2
1679 527
1680 962
1681 818
1682 886
1683 635
1684 613
1685 277
1686 873
1687 460
1688 571
1689 976
1690 750
1691 139
1692 515
1693 568
1694 372
1695 122
1696 591
1697 607
1698 402
1699 827
1700 681
1701 90
1702 254
1703 588
1704 355
1705 127
1706 541
1707 24
1708 613
1709 279
1710 598
1711 439
1712 41
1713 27
1714 205
1715 178
1716 568
1717 271
1718 593
1719 933
1720 182
1721 231
1722 480
1723 835
1724 501
1725 952
1726 47
1727 761
1728 335
1729 836
1730 414
1731 566
1732 376
1733 441
1734 638
1735 193
1736 160
1737 317
1738 132
1739 948
1740 628
1741 89
1742 99
1743 961
1744 864
1745 682
1746 938
1747 506
1748 842
1749 675
1750 538
1751 650
1752 203
1753 595
1754 988
1755 344
1756 312
1757 372
1758 609
1759 818
1760 154
1761 26
1762 825
1763 275
1764 981
1765 195
1766 776
1767 358
1768 691
1769 708
1770 300
1771 992
1772 435
1773 316
1774 904
1775 805
1776 400
1777 485
1778 147
1779 402
1780 358
1781 327
1782 176
1783 78
1784 548
1785 431
1786 360
1787 158
1788 276
1789 371
1790 436
1791 407
1792 856
1793 636
1794 58
1795 642
1796 282
1797 633
1798 803
1799 592
1800 771
1801 333
1802 256
1803 824
1804 649
1805 19
1806 761
1807 46
1808 495
1809 844
1810 358
1811 472
1812 763
1813 625
1814 992
1815 399
1816 891
1817 54
1818 859
1819 756
1820 696
1821 835
1822 111
1823 440
1824 244
1825 813
1826 363
1827 366
1828 855
1829 916
1830 947
1831 396
1832 418
1833 559
1834 349
1835 743
1836 348
1837 668
1838 372
1839 181
1840 337
1841 8
1842 233
1843 320
1844 922
1845 541
1846 484
1847 404
1848 90
1849 88
1850 526
1851 141
1852 567
1853 246
1854 447
1855 190
1856 291
1857 396
1858 17
1859 910
1860 58
1861 982
1862 332
1863 309
1864 594
1865 907
1866 929
1867 697
1868 791
1869 725
1870 239
1871 545
1872 488
1873 375
1874 786
1875 558
1876 610
1877 458
1878 257
1879 696
1880 170
1881 583
1882 667
1883 997
1884 404
1885 314
1886 144
1887 543
1888 741
1889 40
1890 27
1891 552
1892 26
1893 279
1894 158
1895 834
1896 260
1897 349
1898 806
1899 93
1900 410
1901 510
1902 663
1903 97
1904 360
1905 740
1906 680
1907 336
1908 141
1909 960
1910 660
1911 322
1912 955
1913 549
1914 826
1915 640
1916 82
1917 541
1918 52
1919 347
1920 955
1921 858
1922 811
1923 583
1924 173
1925 380
1926 343
1927 112
1928 323
1929 501
1930 238
1931 980
1932 10
1933 425
1934 461
1935 525
1936 49
1937 351
1938 555
1939 405
1940 755
1941 143
1942 313
1943 827
1944 256
1945 212
1946 562
1947 30
1948 520
1949 304
1950 526
1951 693
1952 411
1953 834
1954 313
1955 623
1956 19
1957 657
1958 590
1959 53
1960 633
1961 824
1962 7
1963 693
1964 466
1965 440
1966 43
1967 175
1968 949
1969 955
1970 35
1971 755
1972 536
1973 158
1974 666
1975 996
1976 153
1977 388
1978 818
1979 2
1980 692
1981 106
1982 850
1983 312
1984 265
1985 647
1986 768
1987 486
1988 893
1989 654
1990 579
1991 425
1992 869
1993 607
1994 610
1995 364
1996 46
1997 200
1998 766
1999 343
2000 729
2001 361
2002 528
2003 310
2004 604
2005 1000
2006 82
2007 165
2008 863
2009 195
2010 404
2011 882
2012 133
2013 479
2014 278
2015 232
2016 147
2017 189
2018 467
2019 190
2020 54
2021 84
2022 790
2023 861
2024 428
2025 195
2026 985
2027 161
2028 643
2029 741
2030 906
2031 32
2032 423
2033 776
2034 284
2035 539
2036 573
2037 697
2038 891
2039 849
2040 829
2041 164
2042 157
2043 934
2044 947
2045 470
2046 298
2047 794
2048 283
2049 893
2050 28
2051 696
2052 391
2053 775
2054 224
2055 25
2056 1
2057 473
2058 175
2059 736
2060 742
2061 918
2062 32
2063 120
2064 320
2065 616
2066 624
2067 913
2068 358
2069 874
2070 592
2071 214
2072 711
2073 834
2074 987
2075 410
2076 347
2077 350
2078 933
2079 685
2080 983
2081 696
2082 304
2083 622
2084 898
2085 429
2086 403
2087 571
2088 776
2089 855
2090 165
2091 350
2092 762
2093 751
2094 639
2095 358
2096 482
2097 471
2098 110
2099 992
2100 128
2101 822
2102 912
2103 117
2104 148
2105 595
2106 508
2107 902
2108 429
2109 768
2110 192
2111 335
2112 1000
2113 220
2114 598
2115 759
2116 830
2117 161
2118 27
2119 756
2120 667
2121 766
2122 213
2123 182
2124 814
2125 338
2126 709
2127 543
2128 418
2129 995
2130 813
2131 179
2132 226
2133 475
2134 240
2135 596
2136 347
2137 544
2138 914
2139 745
2140 986
2141 251
2142 629
2143 184
2144 858
2145 883
2146 682
2147 769
2148 393
2149 169
2150 101
2151 661
2152 77
2153 124
2154 505
2155 383
2156 481
2157 565
2158 711
2159 872
2160 171
2161 700
2162 889
2163 6
2164 436
2165 630
2166 720
2167 955
2168 587
2169 150
2170 881
2171 196
2172 800
2173 13
2174 589
2175 970
2176 444
2177 543
2178 379
2179 314
2180 888
2181 764
2182 911
2183 729
2184 594
2185 575
2186 544
2187 522
2188 532
2189 688
2190 341
2191 990
2192 776
2193 91
2194 373
2195 805
2196 608
2197 938
2198 520
2199 440
2200 829
2201 464
2202 543
2203 935
2204 142
2205 931
2206 124
2207 663
2208 923
2209 896
2210 698
2211 97
2212 385
2213 684
2214 809
2215 561
2216 867
2217 460
2218 138
2219 946
2220 415
2221 74
2222 823
2223 143
2224 219
2225 566
2226 887
2227 383
2228 183
2229 293
2230 200
2231 493
2232 637
2233 372
2234 536
2235 157
2236 418
2237 143
2238 462
2239 662
2240 190
2241 830
2242 926
2243 653
2244 411
2245 538
2246 171
2247 157
2248 242
2249 202
2250 905
2251 997
2252 939
2253 642
2254 773
2255 29
2256 614
2257 969
2258 692
2259 404
2260 768
2261 355
2262 185
2263 289
2264 132
2265 969
2266 100
2267 515
2268 270
2269 65
2270 361
2271 440
2272 256
2273 723
2274 479
2275 722
2276 361
2277 721
2278 817
2279 2
2280 128
2281 888
2282 576
2283 394
2284 338
2285 270
2286 492
2287 506
2288 425
2289 700
2290 33
2291 794
2292 167
2293 234
2294 485
2295 842
2296 136
2297 18
2298 168
2299 7
2300 819
2301 503
2302 905
2303 482
2304 977
2305 369
2306 487
2307 794
2308 199
2309 366
2310 678
2311 303
2312 190
2313 200
2314 846
2315 682
2316 414
2317 914
2318 813
2319 655
2320 931
2321 219
2322 99
2323 921
2324 422
2325 37
2326 623
2327 754
2328 963
2329 813
2330 723
2331 189
2332 173
2333 52
2334 684
2335 883
2336 170
2337 405
2338 653
2339 396
2340 125
2341 185
2342 316
2343 23
2344 539
2345 757
2346 66
2347 268
2348 92
2349 341
2350 554
2351 87
2352 952
2353 833
2354 39
2355 617
2356 932
2357 809
2358 13
2359 321
2360 473
2361 175
2362 357
2363 451
2364 31
2365 781
2366 847
2367 15
2368 304
2369 575
2370 489
2371 599
2372 889
2373 107
2374 438
2375 972
2376 182
2377 482
2378 977
2379 141
2380 549
2381 578
2382 517
2383 854
2384 533
2385 277
2386 323
2387 214
2388 478
2389 17
2390 496
2391 644
2392 641
2393 856
2394 788
2395 780
2396 25
2397 219
2398 396
2399 599
2400 500
2401 351
2402 296
2403 274
2404 661
2405 209
2406 274
2407 399
2408 877
2409 992
2410 916
2411 415
2412 12
2413 989
2414 903
2415 549
2416 525
2417 712
2418 921
2419 788
2420 972
2421 556
2422 142
2423 601
2424 816
2425 902
2426 713
2427 134
2428 357
2429 1
2430 59
2431 563
2432 653
2433 748
2434 213
2435 126
2436 110
2437 457
2438 254
2439 527
2440 476
2441 121
2442 37
2443 148
2444 295
2445 614
2446 16
2447 287
2448 175
2449 485
2450 513
2451 438
2452 535
2453 438
2454 733
2455 705
2456 183
2457 308
2458 817
2459 250
2460 732
2461 861
2462 803
2463 386
2464 157
2465 132
2466 855
2467 245
2468 24
2469 581
2470 733
2471 583
2472 462
2473 15
2474 605
2475 656
2476 417
2477 939
2478 327
2479 319
2480 985
2481 819
2482 42
2483 11
2484 701
2485 861
2486 612
2487 528
2488 721
2489 580
2490 813
2491 946
2492 399
2493 221
2494 752
2495 984
2496 4
2497 511
2498 641
2499 111
2500 881
2501 453
2502 281
2503 957
2504 267
2505 347
2506 681
2507 441
2508 997
2509 439
2510 180
2511 881
2512 417
2513 385
2514 540
2515 836
2516 510
2517 948
2518 785
2519 356
2520 7
2521 725
2522 37
2523 320
2524 142
2525 405
2526 51
2527 726
2528 400
2529 294
2530 934
2531 164
2532 602
2533 125
2534 95
2535 180
2536 883
2537 878
2538 518
2539 413
2540 714
2541 10
2542 176
2543 657
2544 351
2545 816
2546 816
2547 536
2548 55
2549 722
2550 193
2551 368
2552 609
2553 468
2554 991
2555 112
2556 228
2557 604
2558 422
2559 55
2560 912
2561 820
2562 20
2563 891
2564 518
2565 946
2566 324
2567 723
2568 21
2569 954
2570 819
2571 808
2572 44
2573 636
2574 777
2575 702
2576 701
2577 351
2578 79
2579 584
2580 729
2581 430
2582 156
2583 112
2584 666
2585 187
2586 856
2587 254
2588 294
2589 241
2590 174
2591 69
2592 409
2593 341
2594 530
2595 345
2596 11
2597 896
2598 251
2599 247
2600 60
2601 222
2602 733
2603 992
2604 919
2605 933
2606 701
2607 129
2608 843
2609 539
2610 380
2611 636
2612 272
2613 945
2614 111
2615 135
2616 850
2617 665
2618 415
2619 19
2620 771
2621 278
2622 870
2623 326
2624 957
2625 281
2626 507
2627 188
2628 136
2629 599
2630 230
2631 959
2632 339
2633 19
2634 321
2635 135
2636 928
2637 229
2638 614
2639 459
2640 748
2641 411
2642 242
2643 438
2644 339
2645 145
2646 466
2647 96
2648 960
2649 539
2650 969
2651 696
2652 674
2653 644
2654 271
2655 869
2656 363
2657 27
2658 623
2659 335
2660 861
2661 100
2662 696
2663 366
2664 235
2665 614
2666 414
2667 417
2668 539
2669 743
2670 699
2671 309
2672 351
2673 106
2674 719
2675 8
2676 161
2677 847
2678 532
2679 780
2680 694
2681 628
2682 971
2683 283
2684 64
2685 733
2686 801
2687 586
2688 194
2689 238
2690 585
2691 199
2692 912
2693 253
2694 721
2695 488
2696 518
2697 454
2698 176
2699 425
2700 61
2701 665
2702 708
2703 845
2704 645
2705 499
2706 696
2707 793
2708 608
2709 165
2710 968
2711 113
2712 240
2713 228
2714 404
2715 392
2716 117
2717 81
2718 49
2719 582
2720 63
2721 246
2722 373
2723 281
2724 135
2725 372
2726 887
2727 521
2728 771
2729 180
2730 748
2731 905
2732 231
2733 756
2734 260
2735 68
2736 1000
2737 920
2738 523
2739 208
2740 747
2741 266
2742 329
2743 846
2744 895
2745 42
2746 217
2747 910
2748 503
2749 510
2750 43
2751 57
2752 809
2753 831
2754 30
2755 848
2756 805
2757 178
2758 75
2759 757
2760 830
2761 61
2762 138
2763 575
2764 218
2765 687
2766 583
2767 688
2768 793
2769 581
2770 407
2771 994
2772 829
2773 141
2774 523
2775 244
2776 289
2777 193
2778 929
2779 982
2780 386
2781 557
2782 878
2783 324
2784 160
2785 290
2786 78
2787 444
2788 134
2789 86
2790 574
2791 194
2792 158
2793 789
2794 167
2795 282
2796 735
2797 664
2798 11
2799 681
2800 219
2801 493
2802 120
2803 133
2804 452
2805 317
2806 324
2807 975
2808 658
2809 326
2810 180
2811 542
2812 40
2813 492
2814 786
2815 123
2816 937
2817 511
2818 195
2819 234
2820 581
2821 308
2822 406
2823 541
2824 515
2825 684
2826 363
2827 514
2828 623
2829 615
2830 287
2831 611
2832 746
2833 949
2834 548
2835 797
2836 874
2837 403
2838 42
2839 533
2840 775
2841 212
2842 598
2843 859
2844 465
2845 383
2846 38
2847 574
2848 94
2849 583
2850 795
2851 272
2852 263
2853 131
2854 27
2855 735
2856 159
2857 268
2858 419
2859 713
2860 801
2861 472
2862 793
2863 48
2864 942
2865 265
2866 352
2867 940
2868 123
2869 810
2870 727
2871 776
2872 174
2873 663
2874 609
2875 215
2876 230
2877 873
2878 359
2879 179
2880 514
2881 287
2882 632
2883 562
2884 188
2885 215
2886 24
2887 481
2888 319
2889 344
2890 183
2891 499
2892 972
2893 677
2894 463
2895 227
2896 872
2897 579
2898 226
2899 128
2900 501
2901 868
2902 945
2903 687
2904 449
2905 225
2906 543
2907 772
2908 105
2909 471
2910 513
2911 161
2912 381
2913 701
2914 647
2915 443
2916 243
2917 127
2918 842
2919 607
2920 379
2921 496
2922 796
2923 297
2924 270
2925 686
2926 657
2927 658
2928 925
2929 803
2930 320
2931 932
2932 888
2933 436
2934 344
2935 720
2936 277
2937 462
2938 442
2939 766
2940 975
2941 160
2942 652
2943 590
2944 355
2945 376
2946 475
2947 815
2948 272
2949 265
2950 205
2951 959
2952 469
2953 395
2954 45
2955 853
2956 31
2957 399
2958 400
2959 646
2960 417
2961 691
2962 952
2963 210
2964 209
2965 2
2966 841
2967 378
2968 101
2969 218
2970 883
2971 122
2972 283
2973 57
2974 195
2975 821
2976 132
2977 641
2978 681
2979 314
2980 156
2981 911
2982 527
2983 250
2984 21
2985 67
2986 160
2987 269
2988 496
2989 395
2990 755
2991 705
2992 401
2993 790
2994 875
2995 465
2996 418
2997 303
2998 188
2999 994
3000 860
3001 620
3002 809
3003 479
3004 690
3005 688
3006 630
3007 462
3008 714
3009 313
3010 246
3011 847
3012 863
3013 701
3014 83
3015 208
3016 241
3017 585
3018 757
3019 484
3020 185
3021 35
3022 726
3023 906
3024 439
3025 746
3026 826
3027 874
3028 379
3029 966
3030 787
3031 714
3032 895
3033 275
3034 444
3035 619
3036 290
3037 486
3038 353
3039 451
3040 932
3041 794
3042 232
3043 999
3044 723
3045 187
3046 636
3047 927
3048 840
3049 222
3050 555
3051 736
3052 877
3053 270
3054 169
3055 366
3056 609
3057 744
3058 191
3059 47
3060 849
3061 505
3062 453
3063 525
3064 277
3065 560
3066 97
3067 885
3068 761
3069 715
3070 463
3071 116
3072 805
3073 798
3074 871
3075 510
3076 302
3077 386
3078 121
3079 716
3080 52
3081 209
3082 231
3083 452
3084 535
3085 281
3086 304
3087 61
3088 693
3089 916
3090 192
3091 194
3092 942
3093 24
3094 523
3095 937
3096 236
3097 606
3098 245
3099 522
3100 419
3101 704
3102 370
3103 798
3104 988
3105 476
3106 293
3107 13
3108 198
3109 498
3110 870
3111 666
3112 199
3113 524
3114 111
3115 538
3116 704
3117 2
3118 12
3119 289
3120 772
3121 639
3122 392
3123 891
3124 739
3125 738
3126 794
3127 184
3128 837
3129 974
3130 167
3131 155
3132 317
3133 563
3134 894
3135 766
3136 146
3137 797
3138 752
3139 45
3140 567
3141 430
3142 142
3143 105
3144 315
3145 580
3146 92
3147 902
3148 267
3149 133
3150 110
3151 884
3152 856
3153 795
3154 21
3155 991
3156 739
3157 333
3158 294
3159 919
3160 626
3161 575
3162 11
3163 629
3164 844
3165 903
3166 33
3167 194
3168 381
3169 301
3170 915
3171 225
3172 127
3173 421
3174 756
3175 76
3176 579
3177 721
3178 958
3179 419
3180 289
3181 952
3182 870
3183 900
3184 933
3185 893
3186 904
3187 588
3188 131
3189 473
3190 283
3191 990
3192 520
3193 344
3194 729
3195 181
3196 645
3197 421
3198 873
3199 906
3200 772
3201 28
3202 419
3203 870
3204 657
3205 570
3206 375
3207 996
3208 287
3209 494
3210 185
3211 418
3212 636
3213 175
3214 630
3215 212
3216 198
3217 986
3218 384
3219 523
3220 403
3221 495
3222 598
3223 32
3224 27
3225 926
3226 391
3227 970
3228 551
3229 868
3230 880
3231 713
3232 976
3233 225
3234 861
3235 795
3236 95
3237 251
3238 247
3239 994
3240 144
3241 235
3242 34
3243 258
3244 594
3245 254
3246 409
3247 193
3248 347
3249 20
3250 490
3251 126
3252 387
3253 565
3254 97
3255 400
3256 711
3257 770
3258 117
3259 482
3260 554
3261 22
3262 894
3263 962
3264 681
3265 733
3266 383
3267 622
3268 886
3269 527
3270 685
3271 268
3272 524
3273 191
3274 893
3275 562
3276 184
3277 803
3278 408
3279 718
3280 169
3281 158
3282 441
3283 586
3284 284
3285 59
3286 876
3287 772
3288 529
3289 698
3290 990
3291 877
3292 879
3293 211
3294 920
3295 34
3296 898
3297 776
3298 930
3299 931
3300 150
3301 433
3302 366
3303 500
3304 615
3305 522
3306 990
3307 898
3308 213
3309 715
3310 684
3311 357
3312 172
3313 126
3314 319
3315 5
3316 532
3317 299
3318 997
3319 740
3320 6
3321 130
3322 383
3323 657
3324 494
3325 96
3326 503
3327 312
3328 486
3329 202
3330 19
3331 454
3332 651
3333 453
3334 229
3335 252
3336 167
3337 779
3338 248
3339 720
3340 296
3341 271
3342 474
3343 562
3344 352
3345 540
3346 208
3347 187
3348 748
3349 978
3350 692
3351 450
3352 894
3353 989
3354 631
3355 690
3356 396
3357 843
3358 761
3359 326
3360 467
3361 887
3362 772
3363 608
3364 46
3365 231
3366 370
3367 37
3368 530
3369 504
3370 797
3371 433
3372 514
3373 611
3374 941
3375 660
3376 141
3377 735
3378 567
3379 379
3380 219
3381 568
3382 820
3383 487
3384 219
3385 142
3386 728
3387 390
3388 773
3389 267
3390 237
3391 345
3392 327
3393 647
3394 694
3395 906
3396 516
3397 197
3398 391
3399 718
3400 875
3401 509
3402 697
3403 971
3404 188
3405 293
3406 776
3407 745
3408 961
3409 623
3410 903
3411 8
3412 61
3413 54
3414 311
3415 996
3416 525
3417 302
3418 564
3419 727
3420 55
3421 124
3422 706
3423 25
3424 781
3425 841
3426 954
3427 404
3428 110
3429 599
3430 765
3431 106
3432 323
3433 175
3434 339
3435 52
3436 9
3437 838
3438 536
3439 798
3440 734
3441 186
3442 354
3443 440
3444 738
3445 760
3446 908
3447 378
3448 508
3449 931
3450 524
3451 12
3452 554
3453 356
3454 439
3455 3
3456 803
3457 295
3458 170
3459 108
3460 394
3461 395
3462 87
3463 512
3464 83
3465 890
3466 834
3467 497
3468 975
3469 361
3470 841
3471 146
3472 849
3473 74
3474 836
3475 534
3476 315
3477 829
3478 589
3479 527
3480 91
3481 434
3482 288
3483 981
3484 226
3485 177
3486 778
3487 695
3488 219
3489 153
3490 37
3491 427
3492 381
3493 327
3494 496
3495 846
3496 617
3497 12
3498 414
3499 528
3500 643
3501 712
3502 394
3503 831
3504 905
3505 974
3506 993
3507 829
3508 718
3509 793
3510 837
3511 950
3512 267
3513 405
3514 699
3515 613
3516 630
3517 710
3518 810
3519 737
3520 477
3521 954
3522 191
3523 269
3524 327
3525 494
3526 721
3527 9
3528 680
3529 842
3530 908
3531 218
3532 98
3533 425
3534 693
3535 848
3536 982
3537 302
3538 286
3539 838
3540 776
3541 761
3542 985
3543 876
3544 161
3545 419
3546 659
3547 89
3548 397
3549 263
3550 599
3551 612
3552 439
3553 478
3554 228
3555 140
3556 673
3557 856
3558 204
3559 603
3560 326
3561 682
3562 617
3563 388
3564 115
3565 769
3566 170
3567 837
3568 989
3569 771
3570 157
3571 882
3572 964
3573 86
3574 481
3575 243
3576 593
3577 999
3578 724
3579 699
3580 199
3581 572
3582 912
3583 310
3584 942
3585 860
3586 256
3587 812
3588 190
3589 334
3590 308
3591 67
3592 984
3593 369
3594 198
3595 594
3596 226
3597 114
3598 644
3599 760
3600 768
3601 990
3602 121
3603 505
3604 275
3605 250
3606 449
3607 264
3608 815
3609 659
3610 695
3611 970
3612 303
3613 235
3614 241
3615 564
3616 643
3617 802
3618 337
3619 829
3620 767
3621 331
3622 362
3623 240
3624 933
3625 450
3626 905
3627 421
3628 685
3629 969
3630 544
3631 155
3632 827
3633 521
3634 891
3635 100
3636 884
3637 628
3638 52
3639 805
3640 168
3641 695
3642 832
3643 957
3644 618
3645 927
3646 802
3647 764
3648 967
3649 919
3650 627
3651 712
3652 1000
3653 506
3654 837
3655 161
3656 968
3657 476
3658 665
3659 103
3660 789
3661 139
3662 297
3663 486
3664 45
3665 531
3666 629
3667 731
3668 946
3669 402
3670 687
3671 124
3672 342
3673 163
3674 362
3675 734
3676 601
3677 336
3678 674
3679 615
3680 878
3681 605
3682 75
3683 372
3684 929
3685 733
3686 594
3687 436
3688 151
3689 993
3690 534
3691 541
3692 334
3693 608
3694 283
3695 970
3696 61
3697 329
3698 744
3699 177
3700 512
3701 984
3702 650
3703 890
3704 878
3705 796
3706 715
3707 148
3708 673
3709 937
3710 733
3711 339
3712 611
3713 409
3714 639
3715 909
3716 346
3717 706
3718 872
3719 598
3720 482
3721 560
3722 727
3723 470
3724 883
3725 303
3726 793
3727 518
3728 567
3729 803
3730 603
3731 507
3732 452
3733 899
3734 281
3735 647
3736 603
3737 926
3738 466
3739 949
3740 776
3741 12
3742 110
3743 972
3744 318
3745 579
3746 540
3747 986
3748 562
3749 263
3750 498
3751 181
3752 523
3753 534
3754 637
3755 139
3756 109
3757 491
3758 716
3759 803
3760 260
3761 135
3762 300
3763 786
3764 249
3765 692
3766 535
3767 580
3768 689
3769 673
3770 770
3771 331
3772 81
3773 691
3774 121
3775 990
3776 677
3777 892
3778 96
3779 285
3780 90
3781 776
3782 531
3783 832
3784 366
3785 935
3786 504
3787 643
3788 955
3789 750
3790 584
3791 396
3792 630
3793 68
3794 17
3795 820
3796 691
3797 578
3798 720
3799 430
3800 670
3801 919
3802 775
3803 318
3804 175
3805 638
3806 115
3807 109
3808 805
3809 790
3810 95
3811 308
3812 311
3813 421
3814 750
3815 981
3816 141
3817 982
3818 809
3819 114
3820 246
3821 19
3822 514
3823 950
3824 983
3825 559
3826 797
3827 554
3828 797
3829 402
3830 70
3831 941
3832 227
3833 843
3834 471
3835 232
3836 183
3837 638
3838 144
3839 216
3840 842
3841 190
3842 494
3843 466
3844 813
3845 730
3846 666
3847 939
3848 215
3849 299
3850 505
3851 233
3852 227
3853 284
3854 250
3855 21
3856 769
3857 388
3858 449
3859 956
3860 287
3861 510
3862 470
3863 767
3864 734
3865 405
3866 498
3867 351
3868 247
3869 71
3870 549
3871 26
3872 40
3873 910
3874 620
3875 620
3876 847
3877 318
3878 792
3879 254
3880 430
3881 334
3882 655
3883 537
3884 393
3885 443
3886 517
3887 407
3888 178
3889 839
3890 505
3891 86
3892 116
3893 57
3894 627
3895 510
3896 561
3897 668
3898 767
3899 224
3900 861
3901 623
3902 374
3903 43
3904 405
3905 472
3906 611
3907 511
3908 692
3909 257
3910 852
3911 997
3912 630
3913 232
3914 45
3915 390
3916 722
3917 716
3918 521
3919 228
3920 718
3921 36
3922 331
3923 664
3924 735
3925 887
3926 463
3927 625
3928 265
3929 459
3930 214
3931 43
3932 42
3933 358
3934 734
3935 295
3936 17
3937 108
3938 35
3939 714
3940 270
3941 175
3942 387
3943 258
3944 592
3945 313
3946 663
3947 301
3948 287
3949 536
3950 492
3951 45
3952 238
3953 830
3954 335
3955 999
3956 60
3957 597
3958 882
3959 567
3960 867
3961 680
3962 687
3963 235
3964 773
3965 644
3966 267
3967 877
3968 532
3969 977
3970 675
3971 80
3972 854
3973 951
3974 895
3975 271
3976 999
3977 957
3978 188
3979 104
3980 545
3981 708
3982 210
3983 756
3984 881
3985 973
3986 292
3987 886
3988 78
3989 312
3990 528
3991 684
3992 944
3993 936
3994 107
3995 714
3996 462
3997 148
3998 24
3999 212
4000 847
4001 291
4002 995
4003 93
4004 869
4005 609
4006 106
4007 203
4008 664
4009 225
4010 683
4011 269
4012 718
4013 246
4014 754
4015 948
4016 916
4017 991
4018 830
4019 238
4020 888
4021 323
4022 156
4023 384
4024 129
4025 417
4026 110
4027 519
4028 283
4029 380
4030 623
4031 420
4032 363
4033 228
4034 996
4035 638
4036 801
4037 974
4038 764
4039 675
4040 625
4041 530
4042 906
4043 7
4044 646
4045 104
4046 240
4047 119
4048 16
4049 462
4050 183
4051 966
4052 650
4053 190
4054 957
4055 633
4056 926
4057 665
4058 713
4059 752
4060 177
4061 489
4062 478
4063 895
4064 398
4065 360
4066 737
4067 11
4068 343
4069 283
4070 6
4071 885
4072 45
4073 19
4074 399
4075 556
4076 731
4077 348
4078 106
4079 987
4080 144
4081 734
4082 663
4083 695
4084 607
4085 68
4086 104
4087 306
4088 663
4089 414
4090 811
4091 173
4092 68
4093 531
4094 498
4095 168
4096 666
4097 578
4098 745
4099 900
4100 541
4101 394
4102 5
4103 303
4104 933
4105 582
4106 24
4107 207
4108 294
4109 729
4110 90
4111 524
4112 467
4113 38
4114 547
4115 656
4116 244
4117 493
4118 497
4119 315
4120 125
4121 608
4122 196
4123 863
4124 572
4125 916
4126 614
4127 8
4128 825
4129 718
4130 191
4131 367
4132 762
4133 335
4134 517
4135 311
4136 777
4137 578
4138 103
4139 765
4140 941
4141 818
4142 118
4143 210
4144 651
4145 542
4146 810
4147 317
4148 454
4149 160
4150 633
4151 112
4152 418
4153 425
4154 808
4155 734
4156 803
4157 338
4158 284
4159 303
4160 845
4161 957
4162 699
4163 993
4164 480
4165 714
4166 594
4167 306
4168 995
4169 413
4170 484
4171 888
4172 464
4173 915
4174 945
4175 553
4176 49
4177 891
4178 337
4179 557
4180 595
4181 965
4182 27
4183 233
4184 200
4185 227
4186 958
4187 991
4188 286
4189 829
4190 413
4191 694
4192 97
4193 595
4194 216
4195 517
4196 658
4197 85
4198 865
4199 238
4200 566
4201 683
4202 779
4203 571
4204 628
4205 50
4206 514
4207 242
4208 526
4209 536
4210 614
4211 891
4212 804
4213 476
4214 730
4215 216
4216 96
4217 316
4218 205
4219 370
4220 983
4221 865
4222 57
4223 520
4224 858
4225 178
4226 576
4227 53
4228 543
4229 854
4230 637
4231 56
4232 409
4233 211
4234 105
4235 426
4236 820
4237 666
4238 368
4239 727
4240 927
4241 550
4242 582
4243 525
4244 800
4245 238
4246 169
4247 885
4248 237
4249 205
4250 252
4251 592
4252 679
4253 920
4254 610
4255 724
4256 750
4257 791
4258 108
4259 497
4260 766
4261 498
4262 697
4263 831
4264 45
4265 614
4266 60
4267 848
4268 186
4269 854
4270 47
4271 435
4272 609
4273 718
4274 490
4275 324
4276 250
4277 653
4278 887
4279 57
4280 775
4281 783
4282 318
4283 476
4284 617
4285 718
4286 793
4287 580
4288 572
4289 769
4290 445
4291 723
4292 552
4293 567
4294 149
4295 178
4296 45
4297 407
4298 562
4299 817
4300 380
4301 626
4302 774
4303 985
4304 188
4305 230
4306 77
4307 276
4308 14
4309 525
4310 2
4311 915
4312 279
4313 737
4314 423
4315 14
4316 333
4317 170
4318 543
4319 911
4320 127
4321 694
4322 700
4323 655
4324 235
4325 293
4326 381
4327 734
4328 923
4329 780
4330 752
4331 864
4332 295
4333 773
4334 72
4335 780
4336 714
4337 730
4338 560
4339 90
4340 498
4341 642
4342 634
4343 636
4344 973
4345 191
4346 789
4347 129
4348 743
4349 5
4350 247
4351 621
4352 919
4353 233
4354 430
4355 346
4356 303
4357 779
4358 335
4359 762
4360 732
4361 575
4362 351
4363 356
4364 120
4365 397
4366 298
4367 670
4368 737
4369 166
4370 878
4371 910
4372 829
4373 682
4374 846
4375 267
4376 59
4377 184
4378 487
4379 229
4380 517
4381 384
4382 912
4383 774
4384 635
4385 672
4386 424
4387 206
4388 330
4389 446
4390 637
4391 287
4392 491
4393 591
4394 120
4395 206
4396 43
4397 519
4398 780
4399 226
4400 643
4401 312
4402 494
4403 197
4404 65
4405 375
4406 211
4407 680
4408 872
4409 825
4410 430
4411 339
4412 463
4413 335
4414 432
4415 990
4416 976
4417 930
4418 975
4419 64
4420 116
4421 871
4422 236
4423 929
4424 174
4425 284
4426 977
4427 232
4428 965
4429 81
4430 260
4431 86
4432 301
4433 27
4434 870
4435 804
4436 963
4437 286
4438 765
4439 253
4440 520
4441 101
4442 28
4443 778
4444 155
4445 201
4446 591
4447 770
4448 187
4449 81
4450 83
4451 82
4452 63
4453 403
4454 344
4455 904
4456 712
4457 856
4458 695
4459 34
4460 992
4461 760
4462 649
4463 653
4464 686
4465 132
4466 528
4467 383
4468 336
4469 346
4470 29
4471 945
4472 866
4473 659
4474 979
4475 216
4476 863
4477 579
4478 20
4479 998
4480 869
4481 654
4482 234
4483 902
4484 532
4485 838
4486 861
4487 794
4488 517
4489 641
4490 124
4491 733
4492 384
4493 584
4494 974
4495 704
4496 583
4497 4
4498 830
4499 490
4500 113
4501 6
4502 51
4503 355
4504 263
4505 577
4506 540
4507 18
4508 659
4509 338
4510 982
4511 773
4512 208
4513 472
4514 992
4515 15
4516 153
4517 232
4518 681
4519 74
4520 649
4521 755
4522 642
4523 501
4524 709
4525 362
4526 453
4527 152
4528 444
4529 735
4530 40
4531 77
4532 552
4533 792
4534 10
4535 579
4536 592
4537 495
4538 172
4539 496
4540 647
4541 823
4542 601
4543 159
4544 669
4545 235
4546 502
4547 398
4548 938
4549 519
4550 214
4551 82
4552 901
4553 644
4554 725
4555 608
4556 564
4557 238
4558 244
4559 844
4560 420
4561 95
4562 425
4563 707
4564 859
4565 302
4566 366
4567 518
4568 139
4569 816
4570 961
4571 348
4572 301
4573 480
4574 968
4575 566
4576 454
4577 741
4578 424
4579 409
4580 482
4581 956
4582 628
4583 654
4584 362
4585 127
4586 550
4587 636
4588 108
4589 618
4590 242
4591 793
4592 797
4593 515
4594 686
4595 571
4596 43
4597 688
4598 213
4599 408
4600 826
4601 607
4602 376
4603 597
4604 998
4605 471
4606 508
4607 213
4608 310
4609 926
4610 597
4611 960
4612 718
4613 599
4614 880
4615 883
4616 466
4617 24
4618 146
4619 731
4620 198
4621 42
4622 925
4623 94
4624 135
4625 489
4626 32
4627 639
4628 328
4629 166
4630 424
4631 448
4632 466
4633 590
4634 387
4635 54
4636 878
4637 769
4638 725
4639 159
4640 289
4641 390
4642 400
4643 314
4644 887
4645 581
4646 186
4647 423
4648 198
4649 492
4650 884
4651 230
4652 123
4653 820
4654 374
4655 803
4656 424
4657 203
4658 397
4659 653
4660 457
4661 479
4662 614
4663 107
4664 181
4665 545
4666 10
4667 21
4668 270
4669 450
4670 422
4671 889
4672 327
4673 460
4674 705
4675 804
4676 149
4677 556
4678 895
4679 660
4680 49
4681 971
4682 743
4683 914
4684 717
4685 218
4686 189
4687 998
4688 210
4689 751
4690 286
4691 343
4692 154
4693 951
4694 188
4695 593
4696 313
4697 909
4698 741
4699 269
4700 806
4701 830
4702 537
4703 969
4704 116
4705 9
4706 425
4707 696
4708 223
4709 477
4710 481
4711 23
4712 443
4713 41
4714 382
4715 231
4716 704
4717 124
4718 135
4719 867
4720 256
4721 590
4722 15
4723 477
4724 50
4725 712
4726 580
4727 545
4728 117
4729 12
4730 704
4731 223
4732 569
4733 367
4734 903
4735 449
4736 522
4737 759
4738 267
4739 246
4740 234
4741 737
4742 185
4743 828
4744 636
4745 62
4746 576
4747 716
4748 854
4749 348
4750 965
4751 973
4752 774
4753 901
4754 188
4755 58
4756 309
4757 112
4758 523
4759 884
4760 884
4761 90
4762 627
4763 304
4764 727
4765 822
4766 511
4767 452
4768 837
4769 209
4770 267
4771 693
4772 192
4773 985
4774 893
4775 513
4776 620
4777 694
4778 563
4779 872
4780 272
4781 768
4782 53
4783 177
4784 685
4785 890
4786 778
4787 857
4788 266
4789 66
4790 470
4791 757
4792 587
4793 46
4794 383
4795 280
4796 140
4797 990
4798 475
4799 524
4800 627
4801 910
4802 574
4803 791
4804 980
4805 231
4806 248
4807 470
4808 446
4809 998
4810 946
4811 42
4812 794
4813 253
4814 530
4815 32
4816 206
4817 619
4818 112
4819 93
4820 981
4821 117
4822 211
4823 564
4824 259
4825 751
4826 594
4827 297
4828 826
4829 35
4830 494
4831 818
4832 56
4833 114
4834 946
4835 619
4836 25
4837 34
4838 760
4839 936
4840 702
4841 247
4842 911
4843 804
4844 241
4845 148
4846 917
4847 870
4848 896
4849 634
4850 928
4851 273
4852 409
4853 931
4854 611
4855 592
4856 528
4857 190
4858 246
4859 341
4860 449
4861 179
4862 959
4863 61
4864 325
4865 916
4866 949
4867 708
4868 107
4869 210
4870 40
4871 289
4872 621
4873 474
4874 485
4875 353
4876 866
4877 771
4878 56
4879 962
4880 663
4881 526
4882 601
4883 879
4884 495
4885 660
4886 772
4887 53
4888 474
4889 395
4890 294
4891 632
4892 627
4893 820
4894 885
4895 677
4896 289
4897 918
4898 587
4899 990
4900 277
4901 964
4902 337
4903 718
4904 457
4905 740
4906 204
4907 103
4908 834
4909 912
4910 791
4911 244
4912 5
4913 572
4914 415
4915 852
4916 448
4917 110
4918 842
4919 619
4920 985
4921 21
4922 193
4923 547
4924 196
4925 425
4926 97
4927 451
4928 554
4929 82
4930 890
4931 262
4932 13
4933 137
4934 787
4935 332
4936 898
4937 754
4938 151
4939 913
4940 389
4941 814
4942 44
4943 562
4944 868
4945 871
4946 1000
4947 492
4948 162
4949 551
4950 824
4951 489
4952 369
4953 330
4954 196
4955 261
4956 532
4957 466
4958 738
4959 870
4960 128
4961 575
4962 193
4963 940
4964 887
4965 989
4966 852
4967 284
4968 272
4969 77
4970 926
4971 223
4972 379
4973 968
4974 965
4975 894
4976 367
4977 965
4978 910
4979 947
4980 81
4981 774
4982 600
4983 256
4984 950
4985 266
4986 59
4987 486
4988 823
4989 12
4990 737
4991 612
4992 496
4993 871
4994 667
4995 272
4996 254
4997 65
4998 726
4999 523
5000 790
5001 82
5002 376
5003 946
5004 581
5005 357
5006 558
5007 653
5008 92
5009 507
5010 896
5011 117
5012 144
5013 998
5014 261
5015 269
5016 721
5017 289
5018 9
5019 955
5020 718
5021 628
5022 381
5023 984
5024 141
5025 220
5026 211
5027 377
5028 82
5029 724
5030 890
5031 353
5032 843
5033 511
5034 137
5035 91
5036 558
5037 460
5038 27
5039 516
5040 992
5041 443
5042 799
5043 677
5044 135
5045 735
5046 577
5047 45
5048 686
5049 111
5050 242
5051 766
5052 505
5053 209
5054 811
5055 23
5056 892
5057 602
5058 450
5059 451
5060 958
5061 892
5062 692
5063 701
5064 958
5065 298
5066 897
5067 962
5068 212
5069 549
5070 720
5071 32
5072 544
5073 550
5074 421
5075 898
5076 191
5077 182
5078 325
5079 365
5080 309
5081 129
5082 817
5083 58
5084 49
5085 593
5086 613
5087 628
5088 790
5089 374
5090 81
5091 686
5092 443
5093 532
5094 713
5095 92
5096 429
5097 916
5098 54
5099 291
5100 603
5101 26
5102 45
5103 820
5104 193
5105 888
5106 491
5107 581
5108 988
5109 641
5110 983
5111 886
5112 33
5113 80
5114 268
5115 814
5116 968
5117 418
5118 928
5119 440
5120 311
5121 377
5122 672
5123 490
5124 192
5125 619
5126 199
5127 230
5128 288
5129 966
5130 851
5131 229
5132 538
5133 190
5134 189
5135 359
5136 19
5137 411
5138 59
5139 986
5140 176
5141 361
5142 543
5143 74
5144 904
5145 38
5146 80
5147 414
5148 828
5149 297
5150 351
5151 538
5152 218
5153 110
5154 168
5155 347
5156 18
5157 672
5158 246
5159 940
5160 366
5161 844
5162 475
5163 881
5164 743
5165 27
5166 654
5167 755
5168 873
5169 913
5170 29
5171 442
5172 683
5173 455
5174 449
5175 407
5176 75
5177 727
5178 812
5179 564
5180 923
5181 504
5182 159
5183 508
5184 628
5185 16
5186 39
5187 455
5188 302
5189 909
5190 985
5191 364
5192 106
5193 462
5194 845
5195 555
5196 45
5197 411
5198 314
5199 366
5200 133
5201 345
5202 377
5203 873
5204 449
5205 613
5206 312
5207 726
5208 654
5209 824
5210 403
5211 723
5212 40
5213 257
5214 40
5215 12
5216 701
5217 53
5218 88
5219 820
5220 935
5221 639
5222 636
5223 729
5224 768
5225 236
5226 668
5227 664
5228 102
5229 388
5230 37
5231 551
5232 339
5233 784
5234 822
5235 701
5236 784
5237 803
5238 191
5239 560
5240 859
5241 864
5242 59
5243 36
5244 183
5245 291
5246 35
5247 353
5248 491
5249 682
5250 523
5251 303
5252 297
5253 227
5254 714
5255 627
5256 577
5257 494
5258 652
5259 1
5260 494
5261 436
5262 508
5263 178
5264 435
5265 829
5266 526
5267 453
5268 34
5269 242
5270 710
5271 35
5272 591
5273 76
5274 718
5275 794
5276 848
5277 552
5278 769
5279 835
5280 698
5281 187
5282 516
5283 618
5284 350
5285 267
5286 687
5287 19
5288 926
5289 529
5290 2
5291 501
5292 800
5293 816
5294 157
5295 377
5296 410
5297 58
5298 225
5299 882
5300 411
5301 541
5302 943
5303 667
5304 135
5305 924
5306 523
5307 953
5308 33
5309 756
5310 638
5311 596
5312 89
5313 999
5314 65
5315 518
5316 441
5317 811
5318 966
5319 602
5320 533
5321 468
5322 706
5323 714
5324 97
5325 399
5326 880
5327 204
5328 276
5329 466
5330 655
5331 370
5332 880
5333 31
5334 205
5335 828
5336 819
5337 409
5338 988
5339 773
5340 512
5341 815
5342 667
5343 270
5344 121
5345 671
5346 346
5347 195
5348 270
5349 453
5350 200
5351 220
5352 898
5353 859
5354 360
5355 881
5356 412
5357 302
5358 325
5359 842
5360 326
5361 424
5362 86
5363 446
5364 628
5365 480
5366 638
5367 990
5368 752
5369 456
5370 131
5371 971
5372 432
5373 151
5374 29
5375 696
5376 778
5377 862
5378 812
5379 207
5380 897
5381 279
5382 986
5383 786
5384 377
5385 643
5386 113
5387 823
5388 548
5389 27
5390 436
5391 790
5392 511
5393 519
5394 62
5395 686
5396 372
5397 237
5398 519
5399 25
5400 941
5401 502
5402 997
5403 921
5404 320
5405 537
5406 374
5407 369
5408 841
5409 483
5410 461
5411 817
5412 543
5413 362
5414 299
5415 415
5416 270
5417 763
5418 468
5419 261
5420 358
5421 805
5422 69
5423 432
5424 880
5425 628
5426 865
5427 840
5428 866
5429 950
5430 850
5431 672
5432 188
5433 862
5434 899
5435 894
5436 955
5437 539
5438 77
5439 194
5440 132
5441 46
5442 356
5443 299
5444 738
5445 298
5446 182
5447 403
5448 103
5449 333
5450 708
5451 303
5452 852
5453 90
5454 307
5455 74
5456 946
5457 141
5458 155
5459 24
5460 693
5461 407
5462 26
5463 696
5464 405
5465 912
5466 305
5467 223
5468 649
5469 457
5470 835
5471 870
5472 784
5473 961
5474 355
5475 817
5476 903
5477 797
5478 34
5479 54
5480 730
5481 363
5482 487
5483 839
5484 396
5485 501
5486 460
5487 130
5488 170
5489 860
5490 284
5491 866
5492 395
5493 409
5494 674
5495 222
5496 369
5497 320
5498 900
5499 300
5500 235
5501 228
5502 44
5503 153
5504 87
5505 713
5506 179
5507 33
5508 607
5509 812
5510 377
5511 258
5512 95
5513 578
5514 545
5515 215
5516 300
5517 639
5518 570
5519 261
5520 764
5521 167
5522 210
5523 460
5524 311
5525 47
5526 373
5527 449
5528 653
5529 541
5530 548
5531 49
5532 373
5533 922
5534 530
5535 749
5536 847
5537 89
5538 364
5539 582
5540 176
5541 273
5542 719
5543 48
5544 511
5545 248
5546 400
5547 818
5548 914
5549 975
5550 646
5551 630
5552 875
5553 18
5554 158
5555 872
5556 414
5557 797
5558 8
5559 480
5560 345
5561 286
5562 313
5563 930
5564 342
5565 522
5566 979
5567 511
5568 346
5569 770
5570 341
5571 222
5572 863
5573 497
5574 993
5575 578
5576 983
5577 353
5578 126
5579 269
5580 940
5581 655
5582 132
5583 723
5584 208
5585 106
5586 762
5587 552
5588 596
5589 419
5590 986
5591 343
5592 142
5593 356
5594 844
5595 558
5596 43
5597 567
5598 322
5599 290
5600 519
5601 905
5602 545
5603 416
5604 237
5605 881
5606 380
5607 496
5608 369
5609 799
5610 124
5611 82
5612 486
5613 391
5614 649
5615 9
5616 994
5617 62
5618 565
5619 962
5620 78
5621 13
5622 676
5623 286
5624 430
5625 671
5626 846
5627 874
5628 245
5629 224
5630 560
5631 906
5632 371
5633 543
5634 977
5635 688
5636 869
5637 879
5638 16
5639 590
5640 327
5641 25
5642 50
5643 974
5644 840
5645 648
5646 568
5647 801
5648 278
5649 524
5650 873
5651 983
5652 455
5653 978
5654 404
5655 388
5656 290
5657 248
5658 695
5659 366
5660 398
5661 305
5662 711
5663 245
5664 588
5665 892
5666 349
5667 539
5668 89
5669 571
5670 750
5671 482
5672 5
5673 766
5674 381
5675 15
5676 762
5677 722
5678 990
5679 69
5680 298
5681 617
5682 313
5683 939
5684 560
5685 428
5686 113
5687 78
5688 531
5689 415
5690 775
5691 687
5692 302
5693 207
5694 228
5695 221
5696 834
5697 59
5698 444
5699 733
5700 229
5701 643
5702 419
5703 92
5704 115
5705 281
5706 936
5707 370
5708 865
5709 456
5710 850
5711 904
5712 299
5713 263
5714 29
5715 711
5716 476
5717 997
5718 762
5719 751
5720 106
5721 549
5722 545
5723 616
5724 378
5725 67
5726 500
5727 649
5728 169
5729 497
5730 319
5731 120
5732 518
5733 543
5734 594
5735 724
5736 589
5737 502
5738 991
5739 909
5740 455
5741 933
5742 307
5743 508
5744 47
5745 14
5746 369
5747 494
5748 722
5749 579
5750 728
5751 910
5752 426
5753 335
5754 2
5755 215
5756 324
5757 299
5758 771
5759 261
5760 969
5761 621
5762 630
5763 545
5764 547
5765 762
5766 955
5767 562
5768 821
5769 993
5770 268
5771 251
5772 757
5773 631
5774 784
5775 574
5776 23
5777 521
5778 62
5779 42
5780 243
5781 218
5782 87
5783 125
5784 590
5785 728
5786 121
5787 143
5788 325
5789 631
5790 279
5791 832
5792 809
5793 499
5794 221
5795 929
5796 882
5797 645
5798 625
5799 897
5800 927
5801 381
5802 613
5803 927
5804 864
5805 31
5806 736
5807 305
5808 479
5809 835
5810 703
5811 811
5812 561
5813 871
5814 117
5815 277
5816 378
5817 940
5818 381
5819 798
5820 891
5821 729
5822 624
5823 580
5824 515
5825 108
5826 356
5827 901
5828 530
5829 881
5830 25
5831 33
5832 709
5833 864
5834 780
5835 932
5836 87
5837 656
5838 75
5839 944
5840 846
5841 301
5842 14
5843 914
5844 47
5845 543
5846 195
5847 436
5848 253
5849 741
5850 621
5851 498
5852 476
5853 290
5854 368
5855 706
5856 940
5857 976
5858 328
5859 309
5860 694
5861 899
5862 442
5863 498
5864 739
5865 745
5866 350
5867 417
5868 231
5869 723
5870 28
5871 148
5872 214
5873 294
5874 259
5875 779
5876 84
5877 836
5878 688
5879 228
5880 642
5881 811
5882 179
5883 145
5884 734
5885 818
5886 826
5887 726
5888 364
5889 191
5890 602
5891 281
5892 248
5893 587
5894 825
5895 931
5896 740
5897 88
5898 126
5899 889
5900 582
5901 606
5902 460
5903 995
5904 377
5905 922
5906 177
5907 271
5908 707
5909 546
5910 448
5911 275
5912 839
5913 349
5914 475
5915 296
5916 82
5917 997
5918 862
5919 377
5920 859
5921 548
5922 434
5923 264
5924 836
5925 871
5926 1
5927 184
5928 674
5929 824
5930 33
5931 797
5932 547
5933 905
5934 839
5935 745
5936 842
5937 442
5938 548
5939 359
5940 108
5941 37
5942 142
5943 186
5944 788
5945 422
5946 35
5947 77
5948 424
5949 832
5950 802
5951 283
5952 337
5953 690
5954 350
5955 781
5956 864
5957 492
5958 78
5959 85
5960 595
5961 861
5962 269
5963 224
5964 288
5965 93
5966 669
5967 189
5968 619
5969 441
5970 186
5971 648
5972 586
5973 736
5974 601
5975 472
5976 457
5977 824
5978 885
5979 928
5980 480
5981 422
5982 995
5983 97
5984 760
5985 60
5986 287
5987 604
5988 831
5989 474
5990 526
5991 908
5992 906
5993 616
5994 558
5995 849
5996 435
5997 905
5998 501
5999 34
6000 96
6001 747
6002 880
6003 83
6004 550
6005 431
6006 508
6007 307
6008 514
6009 286
6010 561
6011 779
6012 427
6013 454
6014 436
6015 922
6016 727
6017 364
6018 864
6019 61
6020 152
6021 650
6022 117
6023 986
6024 396
6025 198
6026 803
6027 402
6028 8
6029 476
6030 938
6031 701
6032 605
6033 756
6034 193
6035 683
6036 340
6037 105
6038 368
6039 364
6040 146
6041 405
6042 731
6043 621
6044 877
6045 527
6046 493
6047 388
6048 577
6049 248
6050 535
6051 686
6052 905
6053 343
6054 407
6055 585
6056 881
6057 480
6058 570
6059 741
6060 486
6061 929
6062 691
6063 910
6064 998
6065 780
6066 719
6067 913
6068 11
6069 811
6070 848
6071 601
6072 411
6073 503
6074 444
6075 978
6076 305
6077 386
6078 362
6079 55
6080 302
6081 495
6082 602
6083 522
6084 936
6085 375
6086 656
6087 886
6088 299
6089 7
6090 857
6091 53
6092 426
6093 110
6094 698
6095 138
6096 169
6097 376
6098 279
6099 36
6100 746
6101 49
6102 52
6103 364
6104 316
6105 989
6106 916
6107 81
6108 999
6109 33
6110 741
6111 720
6112 582
6113 971
6114 446
6115 557
6116 878
6117 81
6118 140
6119 964
6120 660
6121 206
6122 656
6123 951
6124 926
6125 546
6126 308
6127 354
6128 604
6129 513
6130 422
6131 779
6132 616
6133 310
6134 612
6135 253
6136 166
6137 709
6138 755
6139 578
6140 344
6141 426
6142 825
6143 687
6144 697
6145 132
6146 563
6147 65
6148 682
6149 224
6150 454
6151 912
6152 850
6153 984
6154 405
6155 761
6156 355
6157 425
6158 23
6159 406
6160 434
6161 996
6162 801
6163 582
6164 234
6165 242
6166 841
6167 419
6168 417
6169 495
6170 238
6171 487
6172 201
6173 967
6174 590
6175 329
6176 982
6177 688
6178 461
6179 497
6180 865
6181 295
6182 359
6183 541
6184 585
6185 807
6186 390
6187 543
6188 245
6189 499
6190 294
6191 884
6192 255
6193 931
6194 927
6195 577
6196 569
6197 662
6198 60
6199 102
6200 42
6201 643
6202 661
6203 990
6204 618
6205 94
6206 281
6207 320
6208 558
6209 617
6210 873
6211 949
6212 333
6213 334
6214 380
6215 979
6216 899
6217 244
6218 676
6219 71
6220 228
6221 689
6222 574
6223 820
6224 90
6225 544
6226 688
6227 62
6228 386
6229 539
6230 564
6231 139
6232 487
6233 350
6234 1
6235 110
6236 39
6237 889
6238 446
6239 633
6240 434
6241 893
6242 855
6243 953
6244 497
6245 991
6246 628
6247 129
6248 876
6249 516
6250 444
6251 786
6252 530
6253 968
6254 946
6255 337
6256 977
6257 965
6258 574
6259 118
6260 951
6261 683
6262 150
6263 753
6264 370
6265 95
6266 425
6267 27
6268 300
6269 708
6270 622
6271 949
6272 348
6273 609
6274 371
6275 219
6276 193
6277 39
6278 566
6279 3
6280 773
6281 488
6282 291
6283 668
6284 73
6285 834
6286 564
6287 203
6288 84
6289 468
6290 667
6291 115
6292 752
6293 296
6294 936
6295 271
6296 197
6297 636
6298 565
6299 27
6300 520
6301 161
6302 140
6303 295
6304 924
6305 821
6306 145
6307 948
6308 30
6309 704
6310 549
6311 32
6312 398
6313 759
6314 200
6315 551
6316 38
6317 870
6318 614
6319 639
6320 5
6321 985
6322 874
6323 650
6324 70
6325 360
6326 630
6327 466
6328 658
6329 48
6330 411
6331 253
6332 563
6333 844
6334 818
6335 661
6336 851
6337 93
6338 713
6339 904
6340 758
6341 452
6342 743
6343 846
6344 225
6345 844
6346 948
6347 90
6348 987
6349 943
6350 984
6351 876
6352 996
6353 350
6354 370
6355 570
6356 123
6357 115
6358 419
6359 647
6360 120
6361 488
6362 960
6363 717
6364 130
6365 652
6366 452
6367 148
6368 678
6369 417
6370 873
6371 990
6372 481
6373 941
6374 26
6375 626
6376 832
6377 791
6378 478
6379 199
6380 127
6381 432
6382 216
6383 519
6384 142
6385 584
6386 285
6387 492
6388 413
6389 348
6390 123
6391 37
6392 871
6393 269
6394 776
6395 531
6396 533
6397 518
6398 94
6399 226
6400 388
6401 242
6402 517
6403 383
6404 340
6405 38
6406 70
6407 966
6408 995
6409 853
6410 461
6411 536
6412 409
6413 127
6414 933
6415 435
6416 981
6417 677
6418 95
6419 284
6420 408
6421 526
6422 814
6423 180
6424 969
6425 611
6426 823
6427 70
6428 921
6429 466
6430 912
6431 943
6432 453
6433 190
6434 568
6435 184
6436 215
6437 274
6438 765
6439 161
6440 191
6441 130
6442 260
6443 692
6444 176
6445 257
6446 811
6447 379
6448 592
6449 211
6450 968
6451 842
6452 345
6453 539
6454 669
6455 189
6456 690
6457 528
6458 477
6459 919
6460 600
6461 963
6462 503
6463 242
6464 689
6465 833
6466 126
6467 714
6468 763
6469 361
6470 291
6471 487
6472 899
6473 369
6474 479
6475 436
6476 309
6477 301
6478 681
6479 295
6480 924
6481 897
6482 696
6483 389
6484 442
6485 488
6486 225
6487 712
6488 813
6489 917
6490 933
6491 588
6492 687
6493 456
6494 295
6495 744
6496 860
6497 340
6498 567
6499 583
6500 404
6501 865
6502 738
6503 293
6504 115
6505 496
6506 907
6507 487
6508 646
6509 389
6510 336
6511 586
6512 715
6513 996
6514 799
6515 138
6516 963
6517 309
6518 734
6519 844
6520 132
6521 593
6522 365
6523 469
6524 539
6525 434
6526 124
6527 213
6528 413
6529 553
6530 361
6531 476
6532 28
6533 684
6534 624
6535 384
6536 400
6537 817
6538 145
6539 141
6540 275
6541 276
6542 778
6543 289
6544 74
6545 134
6546 555
6547 65
6548 918
6549 119
6550 420
6551 220
6552 926
6553 555
6554 62
6555 573
6556 364
6557 776
6558 609
6559 402
6560 479
6561 743
6562 835
6563 758
6564 491
6565 828
6566 996
6567 870
6568 754
6569 586
6570 492
6571 928
6572 972
6573 739
6574 139
6575 237
6576 320
6577 330
6578 303
6579 78
6580 241
6581 219
6582 823
6583 104
6584 272
6585 637
6586 445
6587 852
6588 109
6589 824
6590 640
6591 164
6592 69
6593 443
6594 626
6595 662
6596 454
6597 842
6598 173
6599 263
6600 682
6601 401
6602 985
6603 436
6604 767
6605 874
6606 210
6607 996
6608 716
6609 964
6610 912
6611 421
6612 34
6613 168
6614 691
6615 368
6616 627
6617 342
6618 585
6619 400
6620 688
6621 558
6622 743
6623 576
6624 466
6625 67
6626 171
6627 68
6628 170
6629 251
6630 945
6631 288
6632 503
6633 528
6634 104
6635 317
6636 960
6637 308
6638 641
6639 860
6640 371
6641 276
6642 623
6643 107
6644 461
6645 82
6646 512
6647 941
6648 701
6649 536
6650 877
6651 812
6652 804
6653 291
6654 90
6655 608
6656 746
6657 989
6658 586
6659 493
6660 830
6661 382
6662 917
6663 958
6664 77
6665 444
6666 261
6667 698
6668 284
6669 795
6670 543
6671 728
6672 628
6673 141
6674 84
6675 256
6676 27
6677 696
6678 648
6679 605
6680 743
6681 109
6682 65
6683 435
6684 353
6685 643
6686 615
6687 706
6688 768
6689 580
6690 503
6691 963
6692 434
6693 805
6694 841
6695 437
6696 290
6697 205
6698 420
6699 727
6700 702
6701 896
6702 313
6703 66
6704 78
6705 854
6706 840
6707 506
6708 217
6709 322
6710 62
6711 835
6712 606
6713 867
6714 956
6715 210
6716 149
6717 314
6718 276
6719 904
6720 860
6721 704
6722 488
6723 328
6724 692
6725 904
6726 442
6727 973
6728 907
6729 995
6730 104
6731 829
6732 5
6733 551
6734 554
6735 912
6736 112
6737 256
6738 697
6739 16
6740 910
6741 25
6742 935
6743 656
6744 149
6745 993
6746 730
6747 250
6748 741
6749 505
6750 297
6751 624
6752 205
6753 197
6754 992
6755 731
6756 75
6757 729
6758 863
6759 411
6760 138
6761 660
6762 937
6763 993
6764 492
6765 206
6766 205
6767 485
6768 455
6769 547
6770 60
6771 676
6772 245
6773 743
6774 628
6775 699
6776 794
6777 592
6778 125
6779 703
6780 736
6781 949
6782 187
6783 372
6784 551
6785 465
6786 557
6787 396
6788 942
6789 377
6790 542
6791 250
6792 905
6793 640
6794 831
6795 313
6796 260
6797 902
6798 430
6799 540
6800 793
6801 643
6802 823
6803 267
6804 737
6805 129
6806 120
6807 146
6808 507
6809 365
6810 704
6811 412
6812 979
6813 809
6814 502
6815 298
6816 780
6817 807
6818 419
6819 733
6820 521
6821 254
6822 263
6823 309
6824 89
6825 389
6826 517
6827 138
6828 788
6829 740
6830 395
6831 549
6832 902
6833 879
6834 500
6835 821
6836 24
6837 405
6838 240
6839 969
6840 707
6841 191
6842 216
6843 311
6844 655
6845 756
6846 828
6847 146
6848 612
6849 947
6850 46
6851 874
6852 230
6853 285
6854 599
6855 183
6856 223
6857 894
6858 502
6859 278
6860 629
6861 601
6862 518
6863 266
6864 745
6865 360
6866 996
6867 285
6868 761
6869 83
6870 358
6871 618
6872 28
6873 526
6874 438
6875 760
6876 534
6877 545
6878 658
6879 163
6880 621
6881 221
6882 159
6883 724
6884 588
6885 609
6886 817
6887 190
6888 160
6889 301
6890 35
6891 597
6892 268
6893 139
6894 517
6895 207
6896 380
6897 85
6898 209
6899 929
6900 409
6901 422
6902 890
6903 9
6904 278
6905 361
6906 68
6907 191
6908 361
6909 278
6910 655
6911 92
6912 393
6913 663
6914 206
6915 695
6916 547
6917 974
6918 108
6919 891
6920 433
6921 359
6922 443
6923 557
6924 131
6925 145
6926 295
6927 971
6928 324
6929 260
6930 302
6931 541
6932 587
6933 841
6934 747
6935 52
6936 378
6937 925
6938 241
6939 835
6940 832
6941 488
6942 16
6943 248
6944 430
6945 30
6946 113
6947 192
6948 115
6949 477
6950 26
6951 527
6952 945
6953 368
6954 446
6955 289
6956 958
6957 719
6958 568
6959 538
6960 457
6961 376
6962 219
6963 270
6964 75
6965 91
6966 498
6967 344
6968 397
6969 342
6970 973
6971 832
6972 109
6973 94
6974 760
6975 826
6976 834
6977 569
6978 816
6979 102
6980 166
6981 118
6982 536
6983 83
6984 589
6985 394
6986 395
6987 106
6988 237
6989 709
6990 577
6991 682
6992 691
6993 135
6994 274
6995 890
6996 817
6997 273
6998 763
6999 858
7000 364
7001 894
7002 15
7003 577
7004 30
7005 706
7006 237
7007 68
7008 330
7009 120
7010 37
7011 883
7012 105
7013 756
7014 243
7015 351
7016 859
7017 317
7018 292
7019 337
7020 750
7021 181
7022 480
7023 955
7024 162
7025 812
7026 971
7027 935
7028 661
7029 936
7030 838
7031 806
7032 330
7033 889
7034 25
7035 988
7036 550
7037 64
7038 718
7039 266
7040 349
7041 333
7042 85
7043 245
7044 25
7045 311
7046 147
7047 571
7048 828
7049 429
7050 680
7051 991
7052 870
7053 92
7054 216
7055 381
7056 653
7057 3
7058 887
7059 568
7060 647
7061 185
7062 236
7063 330
7064 846
7065 937
7066 567
7067 599
7068 782
7069 885
7070 32
7071 802
7072 974
7073 876
7074 940
7075 14
7076 292
7077 987
7078 573
7079 653
7080 239
7081 869
7082 770
7083 467
7084 169
7085 890
7086 49
7087 779
7088 998
7089 339
7090 442
7091 302
7092 130
7093 180
7094 946
7095 268
7096 876
7097 442
7098 317
7099 383
7100 514
7101 310
7102 90
7103 386
7104 721
7105 190
7106 966
7107 831
7108 649
7109 683
7110 436
7111 478
7112 829
7113 78
7114 465
7115 852
7116 887
7117 642
7118 188
7119 918
7120 955
7121 508
7122 665
7123 694
7124 391
7125 434
7126 711
7127 225
7128 360
7129 763
7130 403
7131 96
7132 235
7133 949
7134 231
7135 642
7136 228
7137 996
7138 560
7139 651
7140 169
7141 721
7142 428
7143 935
7144 837
7145 906
7146 972
7147 294
7148 880
7149 467
7150 4
7151 950
7152 781
7153 138
7154 657
7155 881
7156 812
7157 95
7158 5
7159 320
7160 987
7161 576
7162 658
7163 102
7164 609
7165 965
7166 752
7167 117
7168 145
7169 941
7170 527
7171 603
7172 215
7173 523
7174 181
7175 318
7176 388
7177 228
7178 614
7179 601
7180 368
7181 662
7182 553
7183 204
7184 93
7185 733
7186 491
7187 934
7188 938
7189 742
7190 603
7191 330
7192 522
7193 546
7194 834
7195 381
7196 178
7197 462
7198 270
7199 247
7200 997
7201 502
7202 947
7203 120
7204 950
7205 396
7206 875
7207 876
7208 436
7209 199
7210 412
7211 683
7212 359
7213 813
7214 567
7215 238
7216 987
7217 616
7218 356
7219 701
7220 697
7221 5
7222 818
7223 955
7224 331
7225 982
7226 108
7227 344
7228 336
7229 524
7230 562
7231 640
7232 707
7233 320
7234 897
7235 964
7236 990
7237 788
7238 295
7239 523
7240 84
7241 816
7242 511
7243 416
7244 331
7245 232
7246 607
7247 416
7248 642
7249 81
7250 163
7251 622
7252 988
7253 736
7254 293
7255 928
7256 699
7257 663
7258 643
7259 981
7260 807
7261 578
7262 967
7263 854
7264 12
7265 654
7266 898
7267 532
7268 976
7269 233
7270 681
7271 891
7272 604
7273 223
7274 797
7275 195
7276 488
7277 716
7278 198
7279 29
7280 46
7281 570
7282 397
7283 757
7284 870
7285 120
7286 360
7287 337
7288 140
7289 829
7290 592
7291 873
7292 39
7293 477
7294 162
7295 1000
7296 991
7297 217
7298 479
7299 697
7300 315
7301 153
7302 108
7303 545
7304 557
7305 592
7306 602
7307 210
7308 958
7309 573
7310 679
7311 519
7312 880
7313 326
7314 393
7315 893
7316 793
7317 982
7318 530
7319 710
7320 420
7321 30
7322 583
7323 944
7324 635
7325 616
7326 991
7327 142
7328 380
7329 212
7330 823
7331 836
7332 731
7333 249
7334 283
7335 453
7336 761
7337 113
7338 446
7339 294
7340 996
7341 173
7342 621
7343 817
7344 566
7345 410
7346 121
7347 968
7348 146
7349 813
7350 930
7351 324
7352 467
7353 651
7354 241
7355 121
7356 237
7357 278
7358 367
7359 621
7360 244
7361 54
7362 265
7363 516
7364 409
7365 336
7366 928
7367 918
7368 96
7369 724
7370 331
7371 724
7372 681
7373 496
7374 550
7375 980
7376 340
7377 898
7378 350
7379 712
7380 717
7381 453
7382 845
7383 181
7384 963
7385 44
7386 696
7387 231
7388 116
7389 751
7390 364
7391 538
7392 227
7393 940
7394 619
7395 10
7396 302
7397 803
7398 669
7399 272
7400 470
7401 654
7402 689
7403 888
7404 509
7405 867
7406 79
7407 711
7408 829
7409 779
7410 593
7411 641
7412 149
7413 113
7414 252
7415 790
7416 907
7417 597
7418 664
7419 125
7420 104
7421 662
7422 50
7423 183
7424 353
7425 340
7426 735
7427 66
7428 452
7429 721
7430 258
7431 554
7432 267
7433 245
7434 853
7435 28
7436 596
7437 890
7438 183
7439 115
7440 836
7441 50
7442 105
7443 335
7444 438
7445 48
7446 772
7447 572
7448 932
7449 87
7450 507
7451 665
7452 55
7453 530
7454 844
7455 23
7456 736
7457 501
7458 596
7459 518
7460 25
7461 300
7462 112
7463 272
7464 608
7465 787
7466 948
7467 516
7468 126
7469 55
7470 560
7471 938
7472 606
7473 870
7474 435
7475 699
7476 558
7477 240
7478 543
7479 376
7480 520
7481 528
7482 29
7483 332
7484 573
7485 223
7486 795
7487 648
7488 537
7489 403
7490 208
7491 524
7492 494
7493 344
7494 545
7495 964
7496 830
7497 347
7498 22
7499 376
7500 914
7501 285
7502 131
7503 449
7504 504
7505 902
7506 612
7507 988
7508 937
7509 929
7510 481
7511 369
7512 92
7513 709
7514 190
7515 683
7516 623
7517 358
7518 814
7519 545
7520 698
7521 666
7522 829
7523 869
7524 462
7525 776
7526 878
7527 412
7528 740
7529 282
7530 610
7531 83
7532 781
7533 944
7534 562
7535 253
7536 60
7537 112
7538 992
7539 955
7540 781
7541 799
7542 684
7543 85
7544 863
7545 825
7546 50
7547 207
7548 735
7549 121
7550 836
7551 272
7552 561
7553 322
7554 893
7555 648
7556 148
7557 696
7558 754
7559 263
7560 331
7561 947
7562 525
7563 218
7564 219
7565 544
7566 596
7567 770
7568 792
7569 786
7570 609
7571 480
7572 565
7573 659
7574 997
7575 699
7576 340
7577 303
7578 20
7579 529
7580 802
7581 805
7582 478
7583 408
7584 325
7585 127
7586 607
7587 320
7588 112
7589 945
7590 903
7591 622
7592 85
7593 208
7594 320
7595 695
7596 658
7597 418
7598 32
7599 755
7600 912
7601 40
7602 435
7603 246
7604 686
7605 159
7606 634
7607 765
7608 533
7609 607
7610 137
7611 323
7612 819
7613 611
7614 670
7615 337
7616 794
7617 987
7618 302
7619 321
7620 545
7621 315
7622 224
7623 11
7624 44
7625 909
7626 798
7627 946
7628 500
7629 270
7630 45
7631 981
7632 661
7633 836
7634 251
7635 752
7636 127
7637 17
7638 156
7639 100
7640 468
7641 766
7642 358
7643 719
7644 211
7645 925
7646 649
7647 960
7648 192
7649 932
7650 202
7651 561
7652 202
7653 276
7654 765
7655 218
7656 368
7657 674
7658 685
7659 655
7660 844
7661 93
7662 720
7663 969
7664 891
7665 680
7666 188
7667 808
7668 562
7669 269
7670 268
7671 930
7672 601
7673 749
7674 623
7675 814
7676 569
7677 73
7678 407
7679 809
7680 698
7681 481
7682 466
7683 321
7684 76
7685 405
7686 6
7687 377
7688 78
7689 492
7690 424
7691 796
7692 236
7693 78
7694 956
7695 490
7696 382
7697 688
7698 677
7699 653
7700 576
7701 247
7702 872
7703 686
7704 853
7705 427
7706 95
7707 978
7708 572
7709 575
7710 302
7711 636
7712 21
7713 625
7714 725
7715 79
7716 55
7717 56
7718 92
7719 875
7720 773
7721 508
7722 98
7723 76
7724 944
7725 832
7726 775
7727 350
7728 106
7729 591
7730 685
7731 886
7732 229
7733 472
7734 868
7735 524
7736 146
7737 881
7738 532
7739 967
7740 340
7741 798
7742 3
7743 403
7744 933
7745 363
7746 551
7747 45
7748 269
7749 637
7750 721
7751 298
7752 754
7753 519
7754 264
7755 708
7756 261
7757 111
7758 352
7759 554
7760 982
7761 150
7762 708
7763 600
7764 652
7765 349
7766 989
7767 311
7768 938
7769 419
7770 738
7771 337
7772 188
7773 381
7774 874
7775 748
7776 895
7777 835
7778 589
7779 583
7780 518
7781 982
7782 969
7783 461
7784 831
7785 406
7786 633
7787 790
7788 788
7789 581
7790 493
7791 487
7792 949
7793 679
7794 101
7795 562
7796 477
7797 327
7798 284
7799 938
7800 973
7801 702
7802 434
7803 707
7804 643
7805 419
7806 969
7807 338
7808 984
7809 394
7810 239
7811 942
7812 28
7813 59
7814 588
7815 512
7816 176
7817 396
7818 39
7819 979
7820 837
7821 720
7822 877
7823 416
7824 618
7825 918
7826 608
7827 467
7828 891
7829 141
7830 932
7831 268
7832 967
7833 528
7834 604
7835 926
7836 599
7837 603
7838 262
7839 461
7840 778
7841 603
7842 966
7843 107
7844 461
7845 76
7846 486
7847 439
7848 167
7849 408
7850 14
7851 750
7852 243
7853 168
7854 187
7855 426
7856 837
7857 237
7858 839
7859 467
7860 57
7861 875
7862 760
7863 612
7864 79
7865 819
7866 619
7867 212
7868 92
7869 861
7870 97
7871 744
7872 947
7873 206
7874 484
7875 882
7876 743
7877 85
7878 335
7879 173
7880 829
7881 736
7882 465
7883 503
7884 168
7885 424
7886 450
7887 656
7888 650
7889 843
7890 482
7891 367
7892 446
7893 48
7894 660
7895 864
7896 220
7897 209
7898 476
7899 996
7900 462
7901 245
7902 542
7903 617
7904 497
7905 544
7906 648
7907 556
7908 577
7909 144
7910 132
7911 798
7912 14
7913 404
7914 875
7915 56
7916 696
7917 954
7918 278
7919 20
7920 639
7921 11
7922 505
7923 173
7924 132
7925 390
7926 762
7927 654
7928 912
7929 573
7930 136
7931 172
7932 784
7933 966
7934 841
7935 340
7936 575
7937 554
7938 646
7939 334
7940 349
7941 645
7942 897
7943 328
7944 611
7945 855
7946 678
7947 39
7948 726
7949 677
7950 166
7951 896
7952 266
7953 493
7954 829
7955 323
7956 963
7957 293
7958 267
7959 917
7960 522
7961 695
7962 761
7963 850
7964 283
7965 512
7966 735
7967 484
7968 125
7969 12
7970 230
7971 960
7972 117
7973 540
7974 255
7975 301
7976 475
7977 402
7978 367
7979 557
7980 256
7981 339
7982 983
7983 374
7984 685
7985 777
7986 166
7987 937
7988 583
7989 813
7990 581
7991 998
7992 962
7993 227
7994 362
7995 896
7996 216
7997 97
7998 955
7999 225
8000 525
8001 449
8002 859
8003 55
8004 430
8005 115
8006 207
8007 477
8008 668
8009 568
8010 199
8011 220
8012 656
8013 929
8014 202
8015 343
8016 563
8017 23
8018 472
8019 149
8020 178
8021 870
8022 727
8023 747
8024 838
8025 505
8026 101
8027 732
8028 436
8029 247
8030 531
8031 526
8032 472
8033 407
8034 185
8035 484
8036 180
8037 658
8038 490
8039 820
8040 514
8041 823
8042 541
8043 847
8044 883
8045 455
8046 356
8047 146
8048 619
8049 680
8050 888
8051 997
8052 68
8053 979
8054 578
8055 318
8056 419
8057 883
8058 5
8059 269
8060 87
8061 99
8062 301
8063 599
8064 434
8065 613
8066 756
8067 94
8068 882
8069 201
8070 850
8071 844
8072 364
8073 830
8074 677
8075 530
8076 481
8077 16
8078 731
8079 754
8080 939
8081 550
8082 127
8083 337
8084 345
8085 4
8086 921
8087 885
8088 498
8089 417
8090 474
8091 146
8092 204
8093 211
8094 848
8095 654
8096 289
8097 401
8098 174
8099 176
8100 703
8101 624
8102 440
8103 710
8104 662
8105 851
8106 848
8107 42
8108 260
8109 930
8110 508
8111 172
8112 389
8113 807
8114 194
8115 768
8116 956
8117 540
8118 11
8119 98
8120 55
8121 994
8122 39
8123 947
8124 947
8125 736
8126 8
8127 243
8128 438
8129 329
8130 974
8131 299
8132 509
8133 296
8134 340
8135 741
8136 802
8137 958
8138 141
8139 443
8140 106
8141 249
8142 955
8143 738
8144 680
8145 609
8146 500
8147 111
8148 722
8149 230
8150 784
8151 318
8152 327
8153 809
8154 698
8155 372
8156 843
8157 362
8158 617
8159 206
8160 598
8161 265
8162 38
8163 784
8164 33
8165 926
8166 686
8167 686
8168 660
8169 264
8170 739
8171 31
8172 963
8173 221
8174 915
8175 628
8176 203
8177 425
8178 728
8179 789
8180 856
8181 160
8182 747
8183 650
8184 675
8185 373
8186 281
8187 980
8188 481
8189 756
8190 943
8191 825
8192 388
8193 599
8194 927
8195 920
8196 38
8197 952
8198 353
8199 411
8200 612
8201 288
8202 621
8203 587
8204 917
8205 906
8206 294
8207 111
8208 655
8209 999
8210 912
8211 45
8212 487
8213 561
8214 746
8215 961
8216 593
8217 450
8218 88
8219 753
8220 769
8221 349
8222 338
8223 289
8224 177
8225 397
8226 64
8227 509
8228 128
8229 963
8230 231
8231 524
8232 702
8233 809
8234 985
8235 527
8236 251
8237 84
8238 924
8239 926
8240 627
8241 759
8242 874
8243 555
8244 869
8245 442
8246 603
8247 566
8248 667
8249 213
8250 459
8251 336
8252 138
8253 211
8254 585
8255 742
8256 941
8257 325
8258 609
8259 983
8260 933
8261 433
8262 861
8263 355
8264 721
8265 66
8266 670
8267 100
8268 618
8269 659
8270 152
8271 859
8272 988
8273 967
8274 369
8275 827
8276 792
8277 851
8278 145
8279 472
8280 211
8281 853
8282 237
8283 132
8284 944
8285 256
8286 349
8287 3
8288 251
8289 911
8290 722
8291 312
8292 869
8293 886
8294 200
8295 625
8296 517
8297 87
8298 764
8299 23
8300 276
8301 518
8302 510
8303 849
8304 241
8305 22
8306 15
8307 547
8308 307
8309 838
8310 600
8311 447
8312 290
8313 786
8314 710
8315 991
8316 422
8317 189
8318 907
8319 649
8320 194
8321 127
8322 937
8323 710
8324 565
8325 291
8326 987
8327 364
8328 100
8329 204
8330 454
8331 589
8332 63
8333 10
8334 501
8335 217
8336 117
8337 987
8338 691
8339 936
8340 380
8341 523
8342 304
8343 342
8344 272
8345 436
8346 320
8347 614
8348 108
8349 821
8350 18
8351 886
8352 651
8353 763
8354 369
8355 849
8356 186
8357 674
8358 551
8359 327
8360 232
8361 647
8362 651
8363 691
8364 822
8365 486
8366 438
8367 447
8368 936
8369 787
8370 86
8371 727
8372 951
8373 349
8374 255
8375 799
8376 124
8377 502
8378 404
8379 807
8380 960
8381 969
8382 196
8383 22
8384 482
8385 478
8386 89
8387 608
8388 255
8389 426
8390 747
8391 490
8392 874
8393 289
8394 488
8395 586
8396 952
8397 52
8398 219
8399 921
8400 92
8401 811
8402 914
8403 829
8404 294
8405 934
8406 592
8407 101
8408 383
8409 235
8410 139
8411 63
8412 719
8413 249
8414 854
8415 511
8416 151
8417 477
8418 702
8419 854
8420 984
8421 651
8422 302
8423 131
8424 755
8425 294
8426 513
8427 678
8428 770
8429 978
8430 23
8431 941
8432 446
8433 954
8434 153
8435 343
8436 879
8437 377
8438 377
8439 542
8440 756
8441 608
8442 715
8443 767
8444 909
8445 793
8446 741
8447 40
8448 636
8449 326
8450 315
8451 235
8452 916
8453 500
8454 622
8455 896
8456 501
8457 586
8458 165
8459 870
8460 782
8461 949
8462 614
8463 218
8464 317
8465 671
8466 395
8467 998
8468 772
8469 263
8470 351
8471 763
8472 839
8473 721
8474 422
8475 62
8476 258
8477 196
8478 332
8479 329
8480 350
8481 954
8482 732
8483 116
8484 394
8485 539
8486 316
8487 239
8488 296
8489 232
8490 212
8491 21
8492 608
8493 595
8494 431
8495 322
8496 439
8497 802
8498 280
8499 955
8500 285
8501 897
8502 65
8503 601
8504 18
8505 330
8506 942
8507 902
8508 618
8509 718
8510 852
8511 499
8512 900
8513 379
8514 215
8515 603
8516 727
8517 284
8518 929
8519 231
8520 57
8521 607
8522 841
8523 932
8524 335
8525 785
8526 340
8527 904
8528 871
8529 641
8530 397
8531 876
8532 388
8533 11
8534 348
8535 888
8536 633
8537 317
8538 819
8539 410
8540 853
8541 873
8542 247
8543 92
8544 319
8545 941
8546 656
8547 454
8548 362
8549 569
8550 47
8551 602
8552 801
8553 99
8554 97
8555 14
8556 378
8557 28
8558 239
8559 191
8560 556
8561 525
8562 201
8563 363
8564 676
8565 261
8566 172
8567 731
8568 439
8569 784
8570 849
8571 285
8572 279
8573 182
8574 806
8575 405
8576 166
8577 654
8578 674
8579 874
8580 807
8581 613
8582 207
8583 867
8584 426
8585 579
8586 570
8587 240
8588 440
8589 838
8590 716
8591 228
8592 293
8593 502
8594 729
8595 238
8596 964
8597 478
8598 953
8599 965
8600 694
8601 878
8602 923
8603 309
8604 860
8605 624
8606 960
8607 784
8608 974
8609 368
8610 603
8611 723
8612 177
8613 480
8614 895
8615 852
8616 671
8617 114
8618 426
8619 925
8620 233
8621 816
8622 16
8623 512
8624 863
8625 46
8626 592
8627 601
8628 881
8629 378
8630 710
8631 293
8632 948
8633 337
8634 816
8635 743
8636 185
8637 157
8638 676
8639 838
8640 922
8641 525
8642 839
8643 41
8644 71
8645 20
8646 845
8647 974
8648 352
8649 916
8650 751
8651 830
8652 113
8653 485
8654 564
8655 972
8656 24
8657 976
8658 776
8659 472
8660 708
8661 116
8662 176
8663 815
8664 889
8665 686
8666 802
8667 875
8668 429
8669 755
8670 362
8671 709
8672 909
8673 71
8674 486
8675 455
8676 545
8677 785
8678 974
8679 770
8680 531
8681 967
8682 541
8683 144
8684 885
8685 167
8686 887
8687 753
8688 945
8689 164
8690 636
8691 671
8692 462
8693 509
8694 906
8695 115
8696 249
8697 229
8698 853
8699 29
8700 894
8701 848
8702 385
8703 129
8704 399
8705 13
8706 828
8707 867
8708 669
8709 838
8710 17
8711 354
8712 544
8713 801
8714 841
8715 382
8716 538
8717 586
8718 674
8719 993
8720 502
8721 365
8722 84
8723 459
8724 354
8725 477
8726 293
8727 969
8728 948
8729 458
8730 528
8731 198
8732 430
8733 980
8734 687
8735 487
8736 377
8737 762
8738 211
8739 474
8740 528
8741 697
8742 356
8743 6
8744 24
8745 263
8746 286
8747 251
8748 586
8749 318
8750 188
8751 76
8752 987
8753 479
8754 849
8755 250
8756 259
8757 157
8758 333
8759 826
8760 343
8761 452
8762 245
8763 981
8764 417
8765 224
8766 749
8767 735
8768 714
8769 972
8770 71
8771 329
8772 982
8773 111
8774 681
8775 793
8776 659
8777 619
8778 755
8779 713
8780 13
8781 167
8782 29
8783 731
8784 883
8785 925
8786 546
8787 167
8788 52
8789 979
8790 24
8791 696
8792 885
8793 686
8794 157
8795 814
8796 408
8797 57
8798 819
8799 266
8800 29
8801 350
8802 755
8803 950
8804 996
8805 332
8806 75
8807 484
8808 321
8809 665
8810 123
8811 96
8812 54
8813 162
8814 804
8815 220
8816 647
8817 524
8818 792
8819 104
8820 508
8821 791
8822 522
8823 436
8824 907
8825 708
8826 824
8827 874
8828 288
8829 533
8830 702
8831 590
8832 879
8833 912
8834 482
8835 246
8836 795
8837 82
8838 648
8839 579
8840 181
8841 369
8842 386
8843 953
8844 461
8845 1
8846 313
8847 714
8848 122
8849 371
8850 530
8851 488
8852 646
8853 82
8854 178
8855 184
8856 860
8857 603
8858 464
8859 392
8860 51
8861 983
8862 129
8863 63
8864 724
8865 137
8866 865
8867 925
8868 584
8869 148
8870 732
8871 544
8872 530
8873 501
8874 760
8875 132
8876 452
8877 102
8878 749
8879 790
8880 599
8881 539
8882 783
8883 824
8884 932
8885 699
8886 3
8887 902
8888 71
8889 945
8890 276
8891 962
8892 347
8893 887
8894 138
8895 512
8896 245
8897 56
8898 82
8899 655
8900 287
8901 417
8902 290
8903 107
8904 667
8905 618
8906 311
8907 419
8908 829
8909 848
8910 88
8911 257
8912 966
8913 575
8914 28
8915 294
8916 776
8917 1
8918 651
8919 89
8920 161
8921 742
8922 371
8923 574
8924 800
8925 469
8926 644
8927 116
8928 545
8929 421
8930 985
8931 653
8932 390
8933 185
8934 848
8935 538
8936 369
8937 786
8938 945
8939 929
8940 898
8941 348
8942 185
8943 661
8944 41
8945 256
8946 989
8947 881
8948 739
8949 100
8950 194
8951 881
8952 19
8953 975
8954 115
8955 564
8956 522
8957 358
8958 670
8959 175
8960 736
8961 602
8962 153
8963 118
8964 450
8965 196
8966 313
8967 892
8968 915
8969 344
8970 51
8971 889
8972 236
8973 121
8974 99
8975 303
8976 268
8977 917
8978 446
8979 69
8980 269
8981 840
8982 283
8983 991
8984 145
8985 340
8986 905
8987 305
8988 733
8989 288
8990 469
8991 661
8992 453
8993 842
8994 976
8995 171
8996 478
8997 982
8998 527
8999 950
9000 906
9001 824
9002 619
9003 985
9004 773
9005 252
9006 339
9007 194
9008 254
9009 493
9010 643
9011 265
9012 660
9013 252
9014 152
9015 465
9016 286
9017 106
9018 837
9019 975
9020 550
9021 238
9022 684
9023 837
9024 51
9025 797
9026 914
9027 99
9028 624
9029 218
9030 844
9031 320
9032 416
9033 865
9034 210
9035 706
9036 427
9037 108
9038 458
9039 54
9040 182
9041 608
9042 630
9043 21
9044 997
9045 758
9046 667
9047 660
9048 787
9049 218
9050 563
9051 362
9052 634
9053 590
9054 289
9055 882
9056 812
9057 290
9058 164
9059 478
9060 524
9061 955
9062 611
9063 789
9064 790
9065 802
9066 239
9067 786
9068 536
9069 476
9070 843
9071 796
9072 221
9073 919
9074 252
9075 19
9076 519
9077 254
9078 69
9079 629
9080 5
9081 877
9082 354
9083 593
9084 654
9085 222
9086 579
9087 63
9088 163
9089 717
9090 289
9091 684
9092 48
9093 635
9094 44
9095 859
9096 290
9097 341
9098 919
9099 920
9100 464
9101 616
9102 657
9103 116
9104 757
9105 604
9106 606
9107 153
9108 652
9109 116
9110 406
9111 332
9112 194
9113 81
9114 859
9115 770
9116 190
9117 842
9118 10
9119 945
9120 668
9121 576
9122 937
9123 161
9124 786
9125 148
9126 953
9127 288
9128 576
9129 671
9130 873
9131 103
9132 737
9133 359
9134 460
9135 955
9136 806
9137 398
9138 27
9139 191
9140 713
9141 269
9142 372
9143 996
9144 212
9145 954
9146 518
9147 491
9148 855
9149 613
9150 960
9151 274
9152 699
9153 712
9154 787
9155 923
9156 892
9157 152
9158 1000
9159 61
9160 113
9161 425
9162 418
9163 109
9164 216
9165 519
9166 813
9167 772
9168 958
9169 88
9170 372
9171 848
9172 184
9173 219
9174 376
9175 754
9176 73
9177 369
9178 378
9179 347
9180 465
9181 238
9182 639
9183 351
9184 800
9185 856
9186 207
9187 123
9188 150
9189 597
9190 171
9191 736
9192 28
9193 841
9194 481
9195 567
9196 964
9197 155
9198 307
9199 540
9200 198
9201 959
9202 95
9203 958
9204 73
9205 240
9206 940
9207 877
9208 810
9209 114
9210 334
9211 923
9212 976
9213 940
9214 40
9215 141
9216 417
9217 8
9218 541
9219 777
9220 925
9221 987
9222 785
9223 682
9224 403
9225 207
9226 881
9227 269
9228 417
9229 830
9230 875
9231 516
9232 62
9233 723
9234 169
9235 545
9236 387
9237 273
9238 756
9239 14
9240 621
9241 722
9242 222
9243 421
9244 959
9245 484
9246 775
9247 1
9248 89
9249 835
9250 651
9251 984
9252 348
9253 373
9254 849
9255 274
9256 716
9257 136
9258 224
9259 500
9260 24
9261 553
9262 66
9263 104
9264 464
9265 689
9266 44
9267 706
9268 396
9269 882
9270 456
9271 348
9272 748
9273 617
9274 24
9275 386
9276 248
9277 347
9278 675
9279 944
9280 612
9281 615
9282 529
9283 792
9284 122
9285 49
9286 86
9287 479
9288 357
9289 248
9290 509
9291 114
9292 529
9293 752
9294 192
9295 285
9296 209
9297 39
9298 287
9299 628
9300 807
9301 558
9302 158
9303 717
9304 83
9305 705
9306 644
9307 219
9308 327
9309 111
9310 340
9311 176
9312 836
9313 678
9314 234
9315 803
9316 682
9317 279
9318 706
9319 238
9320 589
9321 58
9322 520
9323 238
9324 968
9325 252
9326 781
9327 792
9328 689
9329 242
9330 679
9331 989
9332 721
9333 274
9334 499
9335 814
9336 695
9337 356
9338 850
9339 391
9340 560
9341 442
9342 814
9343 194
9344 42
9345 868
9346 492
9347 913
9348 13
9349 479
9350 303
9351 884
9352 889
9353 417
9354 383
9355 665
9356 155
9357 917
9358 851
9359 834
9360 856
9361 470
9362 417
9363 651
9364 959
9365 885
9366 856
9367 455
9368 593
9369 965
9370 997
9371 398
9372 187
9373 869
9374 788
9375 510
9376 964
9377 680
9378 826
9379 775
9380 646
9381 330
9382 991
9383 944
9384 548
9385 418
9386 365
9387 218
9388 489
9389 671
9390 974
9391 857
9392 866
9393 205
9394 185
9395 1000
9396 10
9397 254
9398 329
9399 701
9400 782
9401 902
9402 249
9403 829
9404 497
9405 153
9406 493
9407 408
9408 306
9409 789
9410 650
9411 793
9412 139
9413 920
9414 761
9415 743
9416 303
9417 958
9418 216
9419 952
9420 454
9421 301
9422 602
9423 902
9424 296
9425 672
9426 9
9427 970
9428 838
9429 357
9430 470
9431 114
9432 626
9433 872
9434 921
9435 190
9436 676
9437 521
9438 606
9439 537
9440 127
9441 287
9442 661
9443 312
9444 800
9445 84
9446 970
9447 239
9448 936
9449 119
9450 629
9451 460
9452 729
9453 894
9454 701
9455 557
9456 897
9457 954
9458 37
9459 740
9460 815
9461 454
9462 421
9463 927
9464 816
9465 295
9466 468
9467 242
9468 17
9469 454
9470 429
9471 33
9472 696
9473 559
9474 679
9475 213
9476 22
9477 874
9478 26
9479 803
9480 14
9481 7
9482 204
9483 216
9484 647
9485 501
9486 435
9487 559
9488 802
9489 340
9490 173
9491 627
9492 751
9493 743
9494 183
9495 947
9496 21
9497 421
9498 441
9499 703
9500 186
9501 810
9502 132
9503 823
9504 902
9505 862
9506 993
9507 960
9508 630
9509 345
9510 854
9511 457
9512 593
9513 930
9514 106
9515 732
9516 697
9517 258
9518 478
9519 442
9520 506
9521 721
9522 888
9523 945
9524 614
9525 953
9526 297
9527 513
9528 851
9529 555
9530 672
9531 181
9532 657
9533 941
9534 805
9535 802
9536 740
9537 365
9538 396
9539 799
9540 544
9541 174
9542 395
9543 359
9544 908
9545 544
9546 298
9547 374
9548 589
9549 219
9550 488
9551 691
9552 472
9553 550
9554 106
9555 650
9556 399
9557 70
9558 521
9559 329
9560 712
9561 783
9562 632
9563 911
9564 741
9565 648
9566 329
9567 839
9568 971
9569 113
9570 344
9571 331
9572 865
9573 780
9574 464
9575 694
9576 859
9577 692
9578 264
9579 342
9580 282
9581 807
9582 979
9583 117
9584 53
9585 275
9586 180
9587 736
9588 468
9589 601
9590 478
9591 238
9592 822
9593 116
9594 830
9595 421
9596 400
9597 652
9598 104
9599 18
9600 138
9601 17
9602 892
9603 205
9604 668
9605 991
9606 659
9607 270
9608 819
9609 29
9610 638
9611 557
9612 537
9613 287
9614 835
9615 882
9616 968
9617 293
9618 403
9619 184
9620 628
9621 121
9622 70
9623 501
9624 595
9625 973
9626 884
9627 762
9628 882
9629 175
9630 218
9631 865
9632 623
9633 809
9634 806
9635 384
9636 107
9637 661
9638 277
9639 711
9640 282
9641 609
9642 463
9643 354
9644 959
9645 548
9646 268
9647 253
9648 470
9649 817
9650 31
9651 395
9652 213
9653 191
9654 148
9655 78
9656 261
9657 640
9658 464
9659 959
9660 470
9661 734
9662 107
9663 113
9664 966
9665 410
9666 638
9667 819
9668 462
9669 14
9670 362
9671 639
9672 677
9673 102
9674 14
9675 863
9676 186
9677 841
9678 314
9679 1000
9680 120
9681 764
9682 166
9683 978
9684 374
9685 1
9686 533
9687 873
9688 271
9689 315
9690 437
9691 650
9692 881
9693 298
9694 782
9695 617
9696 690
9697 868
9698 91
9699 419
9700 520
9701 520
9702 465
9703 769
9704 311
9705 75
9706 586
9707 879
9708 815
9709 634
9710 529
9711 258
9712 684
9713 324
9714 604
9715 321
9716 109
9717 469
9718 942
9719 380
9720 467
9721 467
9722 316
9723 482
9724 460
9725 597
9726 361
9727 471
9728 228
9729 206
9730 582
9731 601
9732 422
9733 410
9734 354
9735 207
9736 133
9737 971
9738 755
9739 243
9740 341
9741 128
9742 528
9743 671
9744 435
9745 898
9746 594
9747 443
9748 164
9749 984
9750 299
9751 297
9752 626
9753 376
9754 736
9755 162
9756 457
9757 127
9758 126
9759 622
9760 973
9761 110
9762 669
9763 819
9764 377
9765 185
9766 425
9767 231
9768 334
9769 835
9770 44
9771 619
9772 959
9773 498
9774 975
9775 696
9776 748
9777 361
9778 491
9779 463
9780 843
9781 631
9782 582
9783 276
9784 29
9785 422
9786 273
9787 730
9788 283
9789 168
9790 902
9791 232
9792 102
9793 906
9794 348
9795 903
9796 633
9797 710
9798 331
9799 693
9800 206
9801 654
9802 495
9803 163
9804 695
9805 287
9806 288
9807 628
9808 410
9809 71
9810 798
9811 16
9812 861
9813 584
9814 727
9815 236
9816 317
9817 352
9818 558
9819 388
9820 420
9821 85
9822 247
9823 359
9824 62
9825 956
9826 794
9827 74
9828 928
9829 323
9830 832
9831 875
9832 346
9833 963
9834 350
9835 829
9836 962
9837 938
9838 695
9839 353
9840 9
9841 459
9842 75
9843 402
9844 248
9845 962
9846 167
9847 325
9848 354
9849 16
9850 390
9851 314
9852 390
9853 443
9854 211
9855 469
9856 734
9857 465
9858 66
9859 214
9860 995
9861 85
9862 223
9863 100
9864 433
9865 450
9866 934
9867 267
9868 804
9869 704
9870 183
9871 419
9872 628
9873 817
9874 208
9875 459
9876 612
9877 113
9878 609
9879 638
9880 23
9881 803
9882 113
9883 236
9884 705
9885 442
9886 380
9887 798
9888 929
9889 851
9890 796
9891 466
9892 245
9893 877
9894 174
9895 805
9896 589
9897 446
9898 325
9899 739
9900 692
9901 276
9902 263
9903 509
9904 512
9905 534
9906 531
9907 691
9908 269
9909 912
9910 291
9911 781
9912 556
9913 940
9914 618
9915 556
9916 94
9917 210
9918 174
9919 128
9920 328
9921 845
9922 343
9923 458
9924 382
9925 200
9926 343
9927 967
9928 327
9929 741
9930 130
9931 813
9932 661
9933 752
9934 236
9935 267
9936 241
9937 239
9938 312
9939 958
9940 972
9941 81
9942 276
9943 325
9944 525
9945 638
9946 385
9947 744
9948 285
9949 457
9950 469
9951 530
9952 379
9953 302
9954 408
9955 319
9956 188
9957 567
9958 472
9959 734
9960 195
9961 497
9962 507
9963 732
9964 242
9965 923
9966 175
9967 166
9968 224
9969 454
9970 743
9971 554
9972 83
9973 660
9974 749
9975 391
9976 211
9977 959
9978 952
9979 158
9980 276
9981 548
9982 679
9983 861
9984 499
9985 128
9986 214
9987 754
9988 780
9989 630
9990 624
9991 568
9992 896
9993 93
9994 91
9995 121
9996 638
9997 628
9998 477
9999 876
10000 582
